g	1101	1182	10	10	0	0	90s	100	1	2709
g	1110	1196	10	10	0	0	90s	100	1	2709
g	1075	1198	10	10	0	0	90s	100	1	2709
g	1041	1227	10	10	0	0	90s	100	1	2709
g	1021	1230	10	10	0	0	90s	100	1	2709
g	984	1235	10	10	0	0	90s	100	1	2709
g	1081	1237	10	10	0	0	90s	100	1	2709
g	1213	1086	10	10	0	0	90s	100	1	2708
g	1198	1102	10	10	0	0	90s	100	1	2708
g	1173	1104	10	10	0	0	90s	100	1	2708
g	1147	1228	10	10	0	0	90s	100	1	2708
g	1145	1234	10	10	0	0	90s	100	1	2708
g	1125	1241	10	10	0	0	90s	100	1	2708
g	1165	1243	10	10	0	0	90s	100	1	2708
g	1248	882	10	10	0	0	90s	100	1	2707
g	1246	900	10	10	0	0	90s	100	1	2707
g	1203	934	10	10	0	0	90s	100	1	2707
g	1221	943	10	10	0	0	90s	100	1	2707
g	1242	953	10	10	0	0	90s	100	1	2707
g	1216	970	10	10	0	0	90s	100	1	2707
g	1199	973	10	10	0	0	90s	100	1	2707
g	1238	987	10	10	0	0	90s	100	1	2707
g	1151	988	10	10	0	0	90s	100	1	2707
g	1224	989	10	10	0	0	90s	100	1	2707
g	1242	989	10	10	0	0	90s	100	1	2707
g	1151	994	10	10	0	0	90s	100	1	2707
g	1187	1021	10	10	0	0	90s	100	1	2707
g	1119	1034	10	10	0	0	90s	100	1	2707
g	1207	1045	10	10	0	0	90s	100	1	2707
g	1094	1070	10	10	0	0	90s	100	1	2707
g	1113	1073	10	10	0	0	90s	100	1	2707
g	1069	1074	10	10	0	0	90s	100	1	2707
g	1058	1080	10	10	0	0	90s	100	1	2707
g	1111	1082	10	10	0	0	90s	100	1	2707
g	1057	1085	10	10	0	0	90s	100	1	2707
g	1063	1118	10	10	0	0	90s	100	1	2707
g	1111	1129	10	10	0	0	90s	100	1	2707
g	1076	1133	10	10	0	0	90s	100	1	2707
g	929	1149	10	10	0	0	90s	100	1	2707
g	1063	1152	10	10	0	0	90s	100	1	2707
g	1061	1157	10	10	0	0	90s	100	1	2707
g	1015	1159	10	10	0	0	90s	100	1	2707
g	906	1162	10	10	0	0	90s	100	1	2707
g	953	1167	10	10	0	0	90s	100	1	2707
g	912	1176	10	10	0	0	90s	100	1	2707
g	1007	1182	10	10	0	0	90s	100	1	2707
g	840	1197	10	10	0	0	90s	100	1	2707
g	941	1197	10	10	0	0	90s	100	1	2707
g	754	1209	10	10	0	0	90s	100	1	2707
g	595	1210	10	10	0	0	90s	100	1	2707
g	637	1213	10	10	0	0	90s	100	1	2707
g	575	1217	10	10	0	0	90s	100	1	2707
g	744	1223	10	10	0	0	90s	100	1	2707
g	606	1230	10	10	0	0	90s	100	1	2707
g	791	1232	10	10	0	0	90s	100	1	2707
g	706	1239	10	10	0	0	90s	100	1	2707
g	835	1242	10	10	0	0	90s	100	1	2707
g	557	1243	10	10	0	0	90s	100	1	2707
g	636	1243	10	10	0	0	90s	100	1	2707
g	1222	826	10	10	0	0	90s	100	1	2706
g	1167	830	10	10	0	0	90s	100	1	2706
g	1221	834	10	10	0	0	90s	100	1	2706
g	1219	844	10	10	0	0	90s	100	1	2706
g	1245	853	10	10	0	0	90s	100	1	2706
g	1188	863	10	10	0	0	90s	100	1	2706
g	1149	900	10	10	0	0	90s	100	1	2706
g	1103	925	10	10	0	0	90s	100	1	2706
g	1171	925	10	10	0	0	90s	100	1	2706
g	1112	936	10	10	0	0	90s	100	1	2706
g	1128	939	10	10	0	0	90s	100	1	2706
g	1022	982	10	10	0	0	90s	100	1	2706
g	1069	985	10	10	0	0	90s	100	1	2706
g	1031	990	10	10	0	0	90s	100	1	2706
g	956	1011	10	10	0	0	90s	100	1	2706
g	969	1025	10	10	0	0	90s	100	1	2706
g	953	1048	10	10	0	0	90s	100	1	2706
g	1049	1048	10	10	0	0	90s	100	1	2706
g	980	1063	10	10	0	0	90s	100	1	2706
g	949	1080	10	10	0	0	90s	100	1	2706
g	912	1081	10	10	0	0	90s	100	1	2706
g	864	1083	10	10	0	0	90s	100	1	2706
g	969	1086	10	10	0	0	90s	100	1	2706
g	840	1093	10	10	0	0	90s	100	1	2706
g	743	1105	10	10	0	0	90s	100	1	2706
g	750	1112	10	10	0	0	90s	100	1	2706
g	915	1123	10	10	0	0	90s	100	1	2706
g	737	1125	10	10	0	0	90s	100	1	2706
g	790	1162	10	10	0	0	90s	100	1	2706
g	823	1164	10	10	0	0	90s	100	1	2706
g	636	1169	10	10	0	0	90s	100	1	2706
g	711	1175	10	10	0	0	90s	100	1	2706
g	740	1175	10	10	0	0	90s	100	1	2706
g	531	1186	10	10	0	0	90s	100	1	2706
g	806	1187	10	10	0	0	90s	100	1	2706
g	352	1194	10	10	0	0	90s	100	1	2706
g	510	1195	10	10	0	0	90s	100	1	2706
g	605	1197	10	10	0	0	90s	100	1	2706
g	382	1201	10	10	0	0	90s	100	1	2706
g	308	1207	10	10	0	0	90s	100	1	2706
g	421	1230	10	10	0	0	90s	100	1	2706
g	477	1231	10	10	0	0	90s	100	1	2706
g	392	1234	10	10	0	0	90s	100	1	2706
g	59	1236	10	10	0	0	90s	100	1	2706
g	974	919	10	10	0	0	90s	100	1	2705
g	1049	929	10	10	0	0	90s	100	1	2705
g	959	940	10	10	0	0	90s	100	1	2705
g	1070	940	10	10	0	0	90s	100	1	2705
g	967	945	10	10	0	0	90s	100	1	2705
g	1049	949	10	10	0	0	90s	100	1	2705
g	1016	959	10	10	0	0	90s	100	1	2705
g	965	974	10	10	0	0	90s	100	1	2705
g	1022	974	10	10	0	0	90s	100	1	2705
g	888	976	10	10	0	0	90s	100	1	2705
g	836	977	10	10	0	0	90s	100	1	2705
g	950	980	10	10	0	0	90s	100	1	2705
g	838	986	10	10	0	0	90s	100	1	2705
g	916	989	10	10	0	0	90s	100	1	2705
g	920	994	10	10	0	0	90s	100	1	2705
g	935	1003	10	10	0	0	90s	100	1	2705
g	781	1006	10	10	0	0	90s	100	1	2705
g	905	1006	10	10	0	0	90s	100	1	2705
g	817	1009	10	10	0	0	90s	100	1	2705
g	730	1011	10	10	0	0	90s	100	1	2705
g	894	1011	10	10	0	0	90s	100	1	2705
g	754	1013	10	10	0	0	90s	100	1	2705
g	914	1016	10	10	0	0	90s	100	1	2705
g	752	1026	10	10	0	0	90s	100	1	2705
g	839	1035	10	10	0	0	90s	100	1	2705
g	811	1040	10	10	0	0	90s	100	1	2705
g	651	1045	10	10	0	0	90s	100	1	2705
g	746	1051	10	10	0	0	90s	100	1	2705
g	733	1076	10	10	0	0	90s	100	1	2705
g	635	1080	10	10	0	0	90s	100	1	2705
g	759	1083	10	10	0	0	90s	100	1	2705
g	543	1099	10	10	0	0	90s	100	1	2705
g	584	1099	10	10	0	0	90s	100	1	2705
g	726	1099	10	10	0	0	90s	100	1	2705
g	575	1100	10	10	0	0	90s	100	1	2705
g	686	1101	10	10	0	0	90s	100	1	2705
g	708	1103	10	10	0	0	90s	100	1	2705
g	567	1112	10	10	0	0	90s	100	1	2705
g	571	1113	10	10	0	0	90s	100	1	2705
g	464	1122	10	10	0	0	90s	100	1	2705
g	658	1124	10	10	0	0	90s	100	1	2705
g	594	1127	10	10	0	0	90s	100	1	2705
g	629	1133	10	10	0	0	90s	100	1	2705
g	566	1135	10	10	0	0	90s	100	1	2705
g	537	1138	10	10	0	0	90s	100	1	2705
g	536	1142	10	10	0	0	90s	100	1	2705
g	446	1170	10	10	0	0	90s	100	1	2705
g	443	1173	10	10	0	0	90s	100	1	2705
g	459	1175	10	10	0	0	90s	100	1	2705
g	519	1175	10	10	0	0	90s	100	1	2705
g	472	1177	10	10	0	0	90s	100	1	2705
g	502	1181	10	10	0	0	90s	100	1	2705
g	487	1195	10	10	0	0	90s	100	1	2705
g	826	924	10	10	0	0	90s	100	1	2704
g	902	925	10	10	0	0	90s	100	1	2704
g	911	930	10	10	0	0	90s	100	1	2704
g	748	958	10	10	0	0	90s	100	1	2704
g	772	958	10	10	0	0	90s	100	1	2704
g	717	960	10	10	0	0	90s	100	1	2704
g	697	961	10	10	0	0	90s	100	1	2704
g	744	961	10	10	0	0	90s	100	1	2704
g	730	968	10	10	0	0	90s	100	1	2704
g	699	969	10	10	0	0	90s	100	1	2704
g	752	972	10	10	0	0	90s	100	1	2704
g	695	974	10	10	0	0	90s	100	1	2704
g	741	975	10	10	0	0	90s	100	1	2704
g	656	978	10	10	0	0	90s	100	1	2704
g	782	982	10	10	0	0	90s	100	1	2704
g	735	984	10	10	0	0	90s	100	1	2704
g	772	989	10	10	0	0	90s	100	1	2704
g	705	990	10	10	0	0	90s	100	1	2704
g	604	991	10	10	0	0	90s	100	1	2704
g	757	993	10	10	0	0	90s	100	1	2704
g	770	993	10	10	0	0	90s	100	1	2704
g	756	998	10	10	0	0	90s	100	1	2704
g	757	999	10	10	0	0	90s	100	1	2704
g	640	1002	10	10	0	0	90s	100	1	2704
g	702	1005	10	10	0	0	90s	100	1	2704
g	587	1009	10	10	0	0	90s	100	1	2704
g	564	1012	10	10	0	0	90s	100	1	2704
g	611	1022	10	10	0	0	90s	100	1	2704
g	538	1023	10	10	0	0	90s	100	1	2704
g	613	1024	10	10	0	0	90s	100	1	2704
g	577	1027	10	10	0	0	90s	100	1	2704
g	576	1028	10	10	0	0	90s	100	1	2704
g	568	1029	10	10	0	0	90s	100	1	2704
g	599	1031	10	10	0	0	90s	100	1	2704
g	536	1035	10	10	0	0	90s	100	1	2704
g	552	1035	10	10	0	0	90s	100	1	2704
g	496	1040	10	10	0	0	90s	100	1	2704
g	467	1043	10	10	0	0	90s	100	1	2704
g	602	1050	10	10	0	0	90s	100	1	2704
g	473	1060	10	10	0	0	90s	100	1	2704
g	512	1075	10	10	0	0	90s	100	1	2704
g	493	1079	10	10	0	0	90s	100	1	2704
g	513	1081	10	10	0	0	90s	100	1	2704
g	465	1087	10	10	0	0	90s	100	1	2704
g	1236	507	10	10	0	0	90s	100	1	2609
g	1236	555	10	10	0	0	90s	100	1	2609
g	1199	568	10	10	0	0	90s	100	1	2609
g	1161	586	10	10	0	0	90s	100	1	2609
g	1194	589	10	10	0	0	90s	100	1	2609
g	1197	653	10	10	0	0	90s	100	1	2609
g	1244	656	10	10	0	0	90s	100	1	2609
g	1165	690	10	10	0	0	90s	100	1	2609
g	1223	697	10	10	0	0	90s	100	1	2609
g	1244	132	10	10	0	0	90s	100	1	2608
g	1240	141	10	10	0	0	90s	100	1	2608
g	1257	154	10	10	0	0	90s	100	1	2608
g	1200	155	10	10	0	0	90s	100	1	2608
g	1233	163	10	10	0	0	90s	100	1	2608
g	1234	236	10	10	0	0	90s	100	1	2608
g	1187	101	10	10	0	0	90s	100	1	2607
g	1248	104	10	10	0	0	90s	100	1	2607
g	1140	110	10	10	0	0	90s	100	1	2607
g	1174	124	10	10	0	0	90s	100	1	2607
g	1132	187	10	10	0	0	90s	100	1	2607
g	1094	252	10	10	0	0	90s	100	1	2607
g	1094	256	10	10	0	0	90s	100	1	2607
g	1113	331	10	10	0	0	90s	100	1	2607
g	1160	354	10	10	0	0	90s	100	1	2607
g	1179	376	10	10	0	0	90s	100	1	2607
g	1082	397	10	10	0	0	90s	100	1	2607
g	1180	408	10	10	0	0	90s	100	1	2607
g	1165	417	10	10	0	0	90s	100	1	2607
g	1161	456	10	10	0	0	90s	100	1	2607
g	1088	459	10	10	0	0	90s	100	1	2607
g	1170	468	10	10	0	0	90s	100	1	2607
g	1050	544	10	10	0	0	90s	100	1	2607
g	1098	585	10	10	0	0	90s	100	1	2607
g	1150	585	10	10	0	0	90s	100	1	2607
g	1084	602	10	10	0	0	90s	100	1	2607
g	1088	607	10	10	0	0	90s	100	1	2607
g	1055	641	10	10	0	0	90s	100	1	2607
g	1129	646	10	10	0	0	90s	100	1	2607
g	1123	690	10	10	0	0	90s	100	1	2607
g	1049	713	10	10	0	0	90s	100	1	2607
g	1100	723	10	10	0	0	90s	100	1	2607
g	1066	37	10	10	0	0	90s	100	1	2606
g	1053	40	10	10	0	0	90s	100	1	2606
g	1050	52	10	10	0	0	90s	100	1	2606
g	1110	60	10	10	0	0	90s	100	1	2606
g	1108	68	10	10	0	0	90s	100	1	2606
g	1079	81	10	10	0	0	90s	100	1	2606
g	1053	94	10	10	0	0	90s	100	1	2606
g	1062	94	10	10	0	0	90s	100	1	2606
g	1099	97	10	10	0	0	90s	100	1	2606
g	1121	100	10	10	0	0	90s	100	1	2606
g	1079	103	10	10	0	0	90s	100	1	2606
g	1059	106	10	10	0	0	90s	100	1	2606
g	1066	110	10	10	0	0	90s	100	1	2606
g	1025	113	10	10	0	0	90s	100	1	2606
g	1057	115	10	10	0	0	90s	100	1	2606
g	1046	119	10	10	0	0	90s	100	1	2606
g	1029	126	10	10	0	0	90s	100	1	2606
g	1028	130	10	10	0	0	90s	100	1	2606
g	1105	132	10	10	0	0	90s	100	1	2606
g	1033	135	10	10	0	0	90s	100	1	2606
g	1091	146	10	10	0	0	90s	100	1	2606
g	1092	167	10	10	0	0	90s	100	1	2606
g	1064	171	10	10	0	0	90s	100	1	2606
g	1098	176	10	10	0	0	90s	100	1	2606
g	1055	191	10	10	0	0	90s	100	1	2606
g	1004	197	10	10	0	0	90s	100	1	2606
g	1098	203	10	10	0	0	90s	100	1	2606
g	1022	228	10	10	0	0	90s	100	1	2606
g	1038	238	10	10	0	0	90s	100	1	2606
g	1055	246	10	10	0	0	90s	100	1	2606
g	1062	264	10	10	0	0	90s	100	1	2606
g	1011	267	10	10	0	0	90s	100	1	2606
g	995	292	10	10	0	0	90s	100	1	2606
g	1073	293	10	10	0	0	90s	100	1	2606
g	1024	323	10	10	0	0	90s	100	1	2606
g	958	332	10	10	0	0	90s	100	1	2606
g	1024	333	10	10	0	0	90s	100	1	2606
g	955	340	10	10	0	0	90s	100	1	2606
g	989	348	10	10	0	0	90s	100	1	2606
g	972	356	10	10	0	0	90s	100	1	2606
g	957	364	10	10	0	0	90s	100	1	2606
g	980	367	10	10	0	0	90s	100	1	2606
g	1018	368	10	10	0	0	90s	100	1	2606
g	1035	370	10	10	0	0	90s	100	1	2606
g	1033	392	10	10	0	0	90s	100	1	2606
g	1002	398	10	10	0	0	90s	100	1	2606
g	966	423	10	10	0	0	90s	100	1	2605
g	1004	457	10	10	0	0	90s	100	1	2605
g	1018	470	10	10	0	0	90s	100	1	2605
g	948	473	10	10	0	0	90s	100	1	2605
g	990	497	10	10	0	0	90s	100	1	2605
g	955	501	10	10	0	0	90s	100	1	2605
g	1018	517	10	10	0	0	90s	100	1	2605
g	1030	528	10	10	0	0	90s	100	1	2605
g	989	531	10	10	0	0	90s	100	1	2605
g	998	538	10	10	0	0	90s	100	1	2605
g	987	539	10	10	0	0	90s	100	1	2605
g	1028	554	10	10	0	0	90s	100	1	2605
g	952	560	10	10	0	0	90s	100	1	2605
g	991	595	10	10	0	0	90s	100	1	2605
g	937	610	10	10	0	0	90s	100	1	2605
g	983	615	10	10	0	0	90s	100	1	2605
g	957	630	10	10	0	0	90s	100	1	2605
g	1001	631	10	10	0	0	90s	100	1	2605
g	994	641	10	10	0	0	90s	100	1	2605
g	1004	651	10	10	0	0	90s	100	1	2605
g	920	652	10	10	0	0	90s	100	1	2605
g	907	653	10	10	0	0	90s	100	1	2605
g	1009	654	10	10	0	0	90s	100	1	2605
g	911	665	10	10	0	0	90s	100	1	2605
g	906	672	10	10	0	0	90s	100	1	2605
g	964	683	10	10	0	0	90s	100	1	2605
g	982	685	10	10	0	0	90s	100	1	2605
g	966	688	10	10	0	0	90s	100	1	2605
g	955	708	10	10	0	0	90s	100	1	2605
g	887	718	10	10	0	0	90s	100	1	2605
g	958	741	10	10	0	0	90s	100	1	2605
g	941	749	10	10	0	0	90s	100	1	2605
g	958	757	10	10	0	0	90s	100	1	2605
g	1004	769	10	10	0	0	90s	100	1	2605
g	1025	770	10	10	0	0	90s	100	1	2605
g	924	793	10	10	0	0	90s	100	1	2605
g	1022	793	10	10	0	0	90s	100	1	2605
g	847	795	10	10	0	0	90s	100	1	2605
g	972	797	10	10	0	0	90s	100	1	2605
g	967	798	10	10	0	0	90s	100	1	2605
g	937	799	10	10	0	0	90s	100	1	2605
g	918	802	10	10	0	0	90s	100	1	2605
g	912	806	10	10	0	0	90s	100	1	2605
g	853	824	10	10	0	0	90s	100	1	2605
g	925	830	10	10	0	0	90s	100	1	2605
g	802	839	10	10	0	0	90s	100	1	2605
g	996	117	10	10	0	0	90s	100	1	2604
g	980	122	10	10	0	0	90s	100	1	2604
g	961	157	10	10	0	0	90s	100	1	2604
g	982	164	10	10	0	0	90s	100	1	2604
g	971	169	10	10	0	0	90s	100	1	2604
g	949	171	10	10	0	0	90s	100	1	2604
g	967	181	10	10	0	0	90s	100	1	2604
g	948	201	10	10	0	0	90s	100	1	2604
g	936	205	10	10	0	0	90s	100	1	2604
g	939	209	10	10	0	0	90s	100	1	2604
g	945	223	10	10	0	0	90s	100	1	2604
g	949	260	10	10	0	0	90s	100	1	2604
g	941	268	10	10	0	0	90s	100	1	2604
g	956	273	10	10	0	0	90s	100	1	2604
g	952	325	10	10	0	0	90s	100	1	2604
g	920	335	10	10	0	0	90s	100	1	2604
g	927	366	10	10	0	0	90s	100	1	2604
g	934	390	10	10	0	0	90s	100	1	2604
g	905	439	10	10	0	0	90s	100	1	2604
g	911	440	10	10	0	0	90s	100	1	2604
g	870	476	10	10	0	0	90s	100	1	2604
g	925	527	10	10	0	0	90s	100	1	2604
g	863	535	10	10	0	0	90s	100	1	2604
g	889	535	10	10	0	0	90s	100	1	2604
g	903	541	10	10	0	0	90s	100	1	2604
g	894	547	10	10	0	0	90s	100	1	2604
g	908	551	10	10	0	0	90s	100	1	2604
g	872	557	10	10	0	0	90s	100	1	2604
g	881	567	10	10	0	0	90s	100	1	2604
g	854	581	10	10	0	0	90s	100	1	2604
g	871	596	10	10	0	0	90s	100	1	2604
g	834	606	10	10	0	0	90s	100	1	2604
g	906	610	10	10	0	0	90s	100	1	2604
g	874	630	10	10	0	0	90s	100	1	2604
g	895	638	10	10	0	0	90s	100	1	2604
g	897	640	10	10	0	0	90s	100	1	2604
g	901	642	10	10	0	0	90s	100	1	2604
g	845	646	10	10	0	0	90s	100	1	2604
g	857	651	10	10	0	0	90s	100	1	2604
g	857	655	10	10	0	0	90s	100	1	2604
g	814	657	10	10	0	0	90s	100	1	2604
g	845	660	10	10	0	0	90s	100	1	2604
g	854	665	10	10	0	0	90s	100	1	2604
g	864	668	10	10	0	0	90s	100	1	2604
g	883	692	10	10	0	0	90s	100	1	2604
g	796	694	10	10	0	0	90s	100	1	2604
g	820	695	10	10	0	0	90s	100	1	2604
g	838	705	10	10	0	0	90s	100	1	2604
g	880	705	10	10	0	0	90s	100	1	2604
g	780	719	10	10	0	0	90s	100	1	2604
g	824	736	10	10	0	0	90s	100	1	2604
g	825	736	10	10	0	0	90s	100	1	2604
g	780	739	10	10	0	0	90s	100	1	2604
g	848	740	10	10	0	0	90s	100	1	2604
g	794	744	10	10	0	0	90s	100	1	2604
g	854	745	10	10	0	0	90s	100	1	2604
g	798	750	10	10	0	0	90s	100	1	2604
g	846	755	10	10	0	0	90s	100	1	2604
g	847	759	10	10	0	0	90s	100	1	2604
g	800	768	10	10	0	0	90s	100	1	2604
g	798	771	10	10	0	0	90s	100	1	2604
g	779	774	10	10	0	0	90s	100	1	2604
g	813	780	10	10	0	0	90s	100	1	2604
g	824	808	10	10	0	0	90s	100	1	2604
g	573	633	10	10	0	0	90s	100	1	2509
g	568	679	10	10	0	0	90s	100	1	2509
g	470	795	10	10	0	0	90s	100	1	2509
g	1162	732	10	10	0	0	90s	100	1	2703
g	1109	734	10	10	0	0	90s	100	1	2703
g	1151	744	10	10	0	0	90s	100	1	2703
g	1139	750	10	10	0	0	90s	100	1	2703
g	1069	752	10	10	0	0	90s	100	1	2703
g	1106	760	10	10	0	0	90s	100	1	2703
g	1149	789	10	10	0	0	90s	100	1	2703
g	1039	791	10	10	0	0	90s	100	1	2703
g	1104	813	10	10	0	0	90s	100	1	2703
g	1126	814	10	10	0	0	90s	100	1	2703
g	1155	816	10	10	0	0	90s	100	1	2703
g	1078	823	10	10	0	0	90s	100	1	2703
g	998	835	10	10	0	0	90s	100	1	2703
g	939	850	10	10	0	0	90s	100	1	2703
g	1016	856	10	10	0	0	90s	100	1	2703
g	1145	858	10	10	0	0	90s	100	1	2703
g	1038	861	10	10	0	0	90s	100	1	2703
g	884	864	10	10	0	0	90s	100	1	2703
g	1114	865	10	10	0	0	90s	100	1	2703
g	820	874	10	10	0	0	90s	100	1	2703
g	948	881	10	10	0	0	90s	100	1	2703
g	860	883	10	10	0	0	90s	100	1	2703
g	1090	883	10	10	0	0	90s	100	1	2703
g	991	889	10	10	0	0	90s	100	1	2703
g	1078	892	10	10	0	0	90s	100	1	2703
g	712	928	10	10	0	0	90s	100	1	2703
g	707	937	10	10	0	0	90s	100	1	2703
g	609	938	10	10	0	0	90s	100	1	2703
g	643	944	10	10	0	0	90s	100	1	2703
g	699	952	10	10	0	0	90s	100	1	2703
g	604	958	10	10	0	0	90s	100	1	2703
g	639	958	10	10	0	0	90s	100	1	2703
g	574	984	10	10	0	0	90s	100	1	2703
g	438	1097	10	10	0	0	90s	100	1	2703
g	415	1116	10	10	0	0	90s	100	1	2703
g	387	1124	10	10	0	0	90s	100	1	2703
g	48	1128	10	10	0	0	90s	100	1	2703
g	319	1144	10	10	0	0	90s	100	1	2703
g	134	1153	10	10	0	0	90s	100	1	2703
g	353	1157	10	10	0	0	90s	100	1	2703
g	326	1159	10	10	0	0	90s	100	1	2703
g	134	1160	10	10	0	0	90s	100	1	2703
g	391	1161	10	10	0	0	90s	100	1	2703
g	300	1162	10	10	0	0	90s	100	1	2703
g	321	1177	10	10	0	0	90s	100	1	2703
g	125	1190	10	10	0	0	90s	100	1	2703
g	305	1191	10	10	0	0	90s	100	1	2703
g	180	1233	10	10	0	0	90s	100	1	2703
g	694	230	10	10	0	0	90s	100	1	2508
g	685	234	10	10	0	0	90s	100	1	2508
g	666	272	10	10	0	0	90s	100	1	2508
g	644	349	10	10	0	0	90s	100	1	2508
g	634	351	10	10	0	0	90s	100	1	2508
g	546	484	10	10	0	0	90s	100	1	2508
g	560	507	10	10	0	0	90s	100	1	2508
g	555	528	10	10	0	0	90s	100	1	2508
g	971	42	10	10	0	0	90s	100	1	2604
g	1009	50	10	10	0	0	90s	100	1	2604
g	970	55	10	10	0	0	90s	100	1	2604
g	981	62	10	10	0	0	90s	100	1	2604
g	1029	64	10	10	0	0	90s	100	1	2604
g	948	81	10	10	0	0	90s	100	1	2604
g	976	89	10	10	0	0	90s	100	1	2604
g	989	104	10	10	0	0	90s	100	1	2604
g	924	148	10	10	0	0	90s	100	1	2604
g	885	158	10	10	0	0	90s	100	1	2604
g	907	178	10	10	0	0	90s	100	1	2604
g	874	185	10	10	0	0	90s	100	1	2604
g	916	189	10	10	0	0	90s	100	1	2604
g	867	190	10	10	0	0	90s	100	1	2604
g	927	204	10	10	0	0	90s	100	1	2604
g	903	253	10	10	0	0	90s	100	1	2604
g	907	269	10	10	0	0	90s	100	1	2604
g	847	296	10	10	0	0	90s	100	1	2604
g	827	303	10	10	0	0	90s	100	1	2604
g	852	316	10	10	0	0	90s	100	1	2604
g	830	338	10	10	0	0	90s	100	1	2604
g	901	344	10	10	0	0	90s	100	1	2604
g	878	348	10	10	0	0	90s	100	1	2604
g	901	354	10	10	0	0	90s	100	1	2604
g	843	361	10	10	0	0	90s	100	1	2604
g	804	372	10	10	0	0	90s	100	1	2604
g	800	376	10	10	0	0	90s	100	1	2604
g	776	411	10	10	0	0	90s	100	1	2604
g	856	413	10	10	0	0	90s	100	1	2604
g	796	414	10	10	0	0	90s	100	1	2604
g	874	418	10	10	0	0	90s	100	1	2604
g	823	422	10	10	0	0	90s	100	1	2604
g	804	426	10	10	0	0	90s	100	1	2604
g	861	446	10	10	0	0	90s	100	1	2604
g	848	448	10	10	0	0	90s	100	1	2604
g	834	452	10	10	0	0	90s	100	1	2604
g	803	453	10	10	0	0	90s	100	1	2604
g	795	456	10	10	0	0	90s	100	1	2604
g	838	459	10	10	0	0	90s	100	1	2604
g	796	517	10	10	0	0	90s	100	1	2604
g	759	536	10	10	0	0	90s	100	1	2604
g	771	537	10	10	0	0	90s	100	1	2604
g	767	550	10	10	0	0	90s	100	1	2604
g	838	565	10	10	0	0	90s	100	1	2604
g	764	568	10	10	0	0	90s	100	1	2604
g	738	575	10	10	0	0	90s	100	1	2604
g	727	583	10	10	0	0	90s	100	1	2604
g	795	590	10	10	0	0	90s	100	1	2604
g	785	598	10	10	0	0	90s	100	1	2604
g	733	626	10	10	0	0	90s	100	1	2604
g	769	652	10	10	0	0	90s	100	1	2604
g	801	656	10	10	0	0	90s	100	1	2604
g	713	688	10	10	0	0	90s	100	1	2604
g	762	689	10	10	0	0	90s	100	1	2604
g	726	690	10	10	0	0	90s	100	1	2604
g	761	692	10	10	0	0	90s	100	1	2604
g	716	693	10	10	0	0	90s	100	1	2604
g	773	695	10	10	0	0	90s	100	1	2604
g	771	699	10	10	0	0	90s	100	1	2604
g	720	707	10	10	0	0	90s	100	1	2604
g	754	718	10	10	0	0	90s	100	1	2604
g	642	742	10	10	0	0	90s	100	1	2604
g	725	762	10	10	0	0	90s	100	1	2604
g	739	781	10	10	0	0	90s	100	1	2604
g	767	783	10	10	0	0	90s	100	1	2604
g	750	787	10	10	0	0	90s	100	1	2604
g	733	796	10	10	0	0	90s	100	1	2604
g	764	799	10	10	0	0	90s	100	1	2604
g	652	804	10	10	0	0	90s	100	1	2604
g	592	818	10	10	0	0	90s	100	1	2604
g	642	45	10	10	0	0	90s	100	1	2507
g	684	48	10	10	0	0	90s	100	1	2507
g	651	59	10	10	0	0	90s	100	1	2507
g	731	63	10	10	0	0	90s	100	1	2507
g	688	73	10	10	0	0	90s	100	1	2507
g	666	82	10	10	0	0	90s	100	1	2507
g	657	97	10	10	0	0	90s	100	1	2507
g	696	106	10	10	0	0	90s	100	1	2507
g	732	114	10	10	0	0	90s	100	1	2507
g	667	121	10	10	0	0	90s	100	1	2507
g	665	123	10	10	0	0	90s	100	1	2507
g	657	150	10	10	0	0	90s	100	1	2507
g	616	177	10	10	0	0	90s	100	1	2507
g	624	190	10	10	0	0	90s	100	1	2507
g	651	192	10	10	0	0	90s	100	1	2507
g	624	199	10	10	0	0	90s	100	1	2507
g	658	224	10	10	0	0	90s	100	1	2507
g	595	238	10	10	0	0	90s	100	1	2507
g	603	239	10	10	0	0	90s	100	1	2507
g	651	241	10	10	0	0	90s	100	1	2507
g	667	251	10	10	0	0	90s	100	1	2507
g	624	283	10	10	0	0	90s	100	1	2507
g	624	321	10	10	0	0	90s	100	1	2507
g	623	326	10	10	0	0	90s	100	1	2507
g	625	340	10	10	0	0	90s	100	1	2507
g	519	373	10	10	0	0	90s	100	1	2507
g	568	420	10	10	0	0	90s	100	1	2507
g	496	425	10	10	0	0	90s	100	1	2507
g	482	432	10	10	0	0	90s	100	1	2507
g	473	450	10	10	0	0	90s	100	1	2507
g	518	494	10	10	0	0	90s	100	1	2507
g	512	503	10	10	0	0	90s	100	1	2507
g	450	536	10	10	0	0	90s	100	1	2507
g	610	537	10	10	0	0	90s	100	1	2507
g	425	557	10	10	0	0	90s	100	1	2507
g	595	588	10	10	0	0	90s	100	1	2507
g	430	598	10	10	0	0	90s	100	1	2507
g	519	598	10	10	0	0	90s	100	1	2507
g	579	612	10	10	0	0	90s	100	1	2507
g	533	622	10	10	0	0	90s	100	1	2507
g	511	623	10	10	0	0	90s	100	1	2507
g	489	644	10	10	0	0	90s	100	1	2507
g	478	645	10	10	0	0	90s	100	1	2507
g	540	647	10	10	0	0	90s	100	1	2507
g	377	666	10	10	0	0	90s	100	1	2507
g	494	673	10	10	0	0	90s	100	1	2507
g	416	687	10	10	0	0	90s	100	1	2507
g	394	698	10	10	0	0	90s	100	1	2507
g	370	703	10	10	0	0	90s	100	1	2507
g	453	735	10	10	0	0	90s	100	1	2507
g	328	742	10	10	0	0	90s	100	1	2507
g	381	754	10	10	0	0	90s	100	1	2507
g	417	767	10	10	0	0	90s	100	1	2507
g	330	774	10	10	0	0	90s	100	1	2507
g	324	795	10	10	0	0	90s	100	1	2507
g	412	808	10	10	0	0	90s	100	1	2507
g	363	815	10	10	0	0	90s	100	1	2507
g	355	828	10	10	0	0	90s	100	1	2507
g	353	839	10	10	0	0	90s	100	1	2507
g	296	842	10	10	0	0	90s	100	1	2507
g	367	859	10	10	0	0	90s	100	1	2507
g	100	862	10	10	0	0	90s	100	1	2507
g	137	874	10	10	0	0	90s	100	1	2507
g	206	907	10	10	0	0	90s	100	1	2507
g	78	912	10	10	0	0	90s	100	1	2507
g	51	916	10	10	0	0	90s	100	1	2507
g	121	930	10	10	0	0	90s	100	1	2507
g	177	930	10	10	0	0	90s	100	1	2507
g	405	941	10	10	0	0	90s	100	1	2507
g	266	942	10	10	0	0	90s	100	1	2507
g	167	948	10	10	0	0	90s	100	1	2507
g	228	959	10	10	0	0	90s	100	1	2507
g	101	960	10	10	0	0	90s	100	1	2507
g	167	960	10	10	0	0	90s	100	1	2507
g	96	963	10	10	0	0	90s	100	1	2507
g	215	964	10	10	0	0	90s	100	1	2507
g	205	966	10	10	0	0	90s	100	1	2507
g	298	975	10	10	0	0	90s	100	1	2507
g	389	976	10	10	0	0	90s	100	1	2507
g	173	977	10	10	0	0	90s	100	1	2507
g	204	977	10	10	0	0	90s	100	1	2507
g	72	978	10	10	0	0	90s	100	1	2507
g	249	979	10	10	0	0	90s	100	1	2507
g	57	991	10	10	0	0	90s	100	1	2507
g	371	992	10	10	0	0	90s	100	1	2507
g	230	1000	10	10	0	0	90s	100	1	2507
g	215	1003	10	10	0	0	90s	100	1	2507
g	70	1004	10	10	0	0	90s	100	1	2507
g	344	1010	10	10	0	0	90s	100	1	2507
g	154	1014	10	10	0	0	90s	100	1	2507
g	238	1018	10	10	0	0	90s	100	1	2507
g	615	829	10	10	0	0	90s	100	1	2702
g	640	829	10	10	0	0	90s	100	1	2702
g	624	835	10	10	0	0	90s	100	1	2702
g	611	863	10	10	0	0	90s	100	1	2702
g	756	886	10	10	0	0	90s	100	1	2702
g	689	887	10	10	0	0	90s	100	1	2702
g	660	898	10	10	0	0	90s	100	1	2702
g	808	909	10	10	0	0	90s	100	1	2702
g	667	917	10	10	0	0	90s	100	1	2702
g	756	918	10	10	0	0	90s	100	1	2702
g	619	921	10	10	0	0	90s	100	1	2702
g	741	921	10	10	0	0	90s	100	1	2702
g	641	922	10	10	0	0	90s	100	1	2702
g	543	923	10	10	0	0	90s	100	1	2702
g	589	928	10	10	0	0	90s	100	1	2702
g	788	932	10	10	0	0	90s	100	1	2702
g	566	939	10	10	0	0	90s	100	1	2702
g	501	940	10	10	0	0	90s	100	1	2702
g	505	960	10	10	0	0	90s	100	1	2702
g	437	1055	10	10	0	0	90s	100	1	2702
g	390	1065	10	10	0	0	90s	100	1	2702
g	389	1071	10	10	0	0	90s	100	1	2702
g	393	1087	10	10	0	0	90s	100	1	2702
g	110	1102	10	10	0	0	90s	100	1	2702
g	240	1104	10	10	0	0	90s	100	1	2702
g	350	1104	10	10	0	0	90s	100	1	2702
g	346	1106	10	10	0	0	90s	100	1	2702
g	295	1111	10	10	0	0	90s	100	1	2702
g	211	1113	10	10	0	0	90s	100	1	2702
g	221	1114	10	10	0	0	90s	100	1	2702
g	175	1119	10	10	0	0	90s	100	1	2702
g	316	1122	10	10	0	0	90s	100	1	2702
g	127	1125	10	10	0	0	90s	100	1	2702
g	164	1125	10	10	0	0	90s	100	1	2702
g	228	1125	10	10	0	0	90s	100	1	2702
g	267	1125	10	10	0	0	90s	100	1	2702
g	151	1138	10	10	0	0	90s	100	1	2702
g	244	1143	10	10	0	0	90s	100	1	2702
g	173	1149	10	10	0	0	90s	100	1	2702
g	194	1151	10	10	0	0	90s	100	1	2702
g	198	1167	10	10	0	0	90s	100	1	2702
g	903	24	10	10	0	0	90s	100	1	2602
g	927	33	10	10	0	0	90s	100	1	2602
g	934	80	10	10	0	0	90s	100	1	2602
g	670	649	10	10	0	0	90s	100	1	2602
g	697	661	10	10	0	0	90s	100	1	2602
g	664	683	10	10	0	0	90s	100	1	2602
g	692	699	10	10	0	0	90s	100	1	2602
g	587	38	10	10	0	0	90s	100	1	2506
g	534	40	10	10	0	0	90s	100	1	2506
g	568	58	10	10	0	0	90s	100	1	2506
g	588	96	10	10	0	0	90s	100	1	2506
g	519	98	10	10	0	0	90s	100	1	2506
g	592	116	10	10	0	0	90s	100	1	2506
g	522	122	10	10	0	0	90s	100	1	2506
g	560	132	10	10	0	0	90s	100	1	2506
g	532	134	10	10	0	0	90s	100	1	2506
g	561	138	10	10	0	0	90s	100	1	2506
g	520	156	10	10	0	0	90s	100	1	2506
g	589	162	10	10	0	0	90s	100	1	2506
g	525	165	10	10	0	0	90s	100	1	2506
g	486	202	10	10	0	0	90s	100	1	2506
g	543	206	10	10	0	0	90s	100	1	2506
g	498	207	10	10	0	0	90s	100	1	2506
g	581	209	10	10	0	0	90s	100	1	2506
g	537	218	10	10	0	0	90s	100	1	2506
g	526	219	10	10	0	0	90s	100	1	2506
g	477	222	10	10	0	0	90s	100	1	2506
g	566	222	10	10	0	0	90s	100	1	2506
g	498	257	10	10	0	0	90s	100	1	2506
g	523	257	10	10	0	0	90s	100	1	2506
g	522	261	10	10	0	0	90s	100	1	2506
g	563	269	10	10	0	0	90s	100	1	2506
g	455	275	10	10	0	0	90s	100	1	2506
g	542	284	10	10	0	0	90s	100	1	2506
g	489	286	10	10	0	0	90s	100	1	2506
g	490	303	10	10	0	0	90s	100	1	2506
g	500	303	10	10	0	0	90s	100	1	2506
g	424	306	10	10	0	0	90s	100	1	2506
g	540	317	10	10	0	0	90s	100	1	2506
g	421	329	10	10	0	0	90s	100	1	2506
g	422	334	10	10	0	0	90s	100	1	2506
g	415	342	10	10	0	0	90s	100	1	2506
g	525	343	10	10	0	0	90s	100	1	2506
g	448	349	10	10	0	0	90s	100	1	2506
g	512	362	10	10	0	0	90s	100	1	2506
g	469	372	10	10	0	0	90s	100	1	2506
g	418	375	10	10	0	0	90s	100	1	2506
g	421	380	10	10	0	0	90s	100	1	2506
g	417	381	10	10	0	0	90s	100	1	2506
g	436	422	10	10	0	0	90s	100	1	2506
g	404	450	10	10	0	0	90s	100	1	2506
g	388	456	10	10	0	0	90s	100	1	2506
g	433	479	10	10	0	0	90s	100	1	2506
g	413	492	10	10	0	0	90s	100	1	2506
g	355	495	10	10	0	0	90s	100	1	2506
g	349	498	10	10	0	0	90s	100	1	2506
g	437	500	10	10	0	0	90s	100	1	2506
g	404	504	10	10	0	0	90s	100	1	2506
g	354	511	10	10	0	0	90s	100	1	2506
g	354	513	10	10	0	0	90s	100	1	2506
g	358	534	10	10	0	0	90s	100	1	2506
g	384	534	10	10	0	0	90s	100	1	2506
g	358	570	10	10	0	0	90s	100	1	2506
g	380	572	10	10	0	0	90s	100	1	2506
g	380	575	10	10	0	0	90s	100	1	2506
g	371	577	10	10	0	0	90s	100	1	2506
g	402	585	10	10	0	0	90s	100	1	2506
g	373	591	10	10	0	0	90s	100	1	2506
g	369	604	10	10	0	0	90s	100	1	2506
g	374	605	10	10	0	0	90s	100	1	2506
g	339	619	10	10	0	0	90s	100	1	2506
g	345	629	10	10	0	0	90s	100	1	2506
g	311	637	10	10	0	0	90s	100	1	2506
g	313	641	10	10	0	0	90s	100	1	2506
g	524	779	10	10	0	0	90s	100	1	2701
g	549	818	10	10	0	0	90s	100	1	2701
g	533	819	10	10	0	0	90s	100	1	2701
g	513	824	10	10	0	0	90s	100	1	2701
g	464	843	10	10	0	0	90s	100	1	2701
g	561	875	10	10	0	0	90s	100	1	2701
g	571	883	10	10	0	0	90s	100	1	2701
g	533	902	10	10	0	0	90s	100	1	2701
g	453	931	10	10	0	0	90s	100	1	2701
g	451	972	10	10	0	0	90s	100	1	2701
g	447	1002	10	10	0	0	90s	100	1	2701
g	366	1030	10	10	0	0	90s	100	1	2701
g	397	1030	10	10	0	0	90s	100	1	2701
g	45	1034	10	10	0	0	90s	100	1	2701
g	157	1034	10	10	0	0	90s	100	1	2701
g	303	1044	10	10	0	0	90s	100	1	2701
g	315	1046	10	10	0	0	90s	100	1	2701
g	47	1050	10	10	0	0	90s	100	1	2701
g	336	1061	10	10	0	0	90s	100	1	2701
g	263	1086	10	10	0	0	90s	100	1	2701
g	217	1096	10	10	0	0	90s	100	1	2701
g	844	48	10	10	0	0	90s	100	1	2601
g	830	80	10	10	0	0	90s	100	1	2601
g	851	89	10	10	0	0	90s	100	1	2601
g	829	111	10	10	0	0	90s	100	1	2601
g	846	160	10	10	0	0	90s	100	1	2601
g	816	203	10	10	0	0	90s	100	1	2601
g	800	207	10	10	0	0	90s	100	1	2601
g	792	248	10	10	0	0	90s	100	1	2601
g	797	282	10	10	0	0	90s	100	1	2601
g	775	351	10	10	0	0	90s	100	1	2601
g	751	415	10	10	0	0	90s	100	1	2601
g	715	442	10	10	0	0	90s	100	1	2601
g	723	468	10	10	0	0	90s	100	1	2601
g	686	518	10	10	0	0	90s	100	1	2601
g	328	379	10	10	0	0	90s	100	1	2505
g	335	386	10	10	0	0	90s	100	1	2505
g	309	389	10	10	0	0	90s	100	1	2505
g	355	400	10	10	0	0	90s	100	1	2505
g	285	430	10	10	0	0	90s	100	1	2505
g	328	431	10	10	0	0	90s	100	1	2505
g	333	443	10	10	0	0	90s	100	1	2505
g	299	453	10	10	0	0	90s	100	1	2505
g	248	506	10	10	0	0	90s	100	1	2505
g	284	507	10	10	0	0	90s	100	1	2505
g	238	528	10	10	0	0	90s	100	1	2505
g	307	532	10	10	0	0	90s	100	1	2505
g	299	534	10	10	0	0	90s	100	1	2505
g	232	548	10	10	0	0	90s	100	1	2505
g	280	569	10	10	0	0	90s	100	1	2505
g	274	588	10	10	0	0	90s	100	1	2505
g	260	593	10	10	0	0	90s	100	1	2505
g	189	594	10	10	0	0	90s	100	1	2505
g	256	603	10	10	0	0	90s	100	1	2505
g	209	605	10	10	0	0	90s	100	1	2505
g	277	621	10	10	0	0	90s	100	1	2505
g	251	623	10	10	0	0	90s	100	1	2505
g	333	644	10	10	0	0	90s	100	1	2505
g	354	654	10	10	0	0	90s	100	1	2505
g	343	656	10	10	0	0	90s	100	1	2505
g	283	657	10	10	0	0	90s	100	1	2505
g	234	659	10	10	0	0	90s	100	1	2505
g	230	664	10	10	0	0	90s	100	1	2505
g	245	664	10	10	0	0	90s	100	1	2505
g	361	689	10	10	0	0	90s	100	1	2505
g	297	694	10	10	0	0	90s	100	1	2505
g	208	703	10	10	0	0	90s	100	1	2505
g	291	708	10	10	0	0	90s	100	1	2505
g	188	716	10	10	0	0	90s	100	1	2505
g	200	716	10	10	0	0	90s	100	1	2505
g	191	717	10	10	0	0	90s	100	1	2505
g	318	725	10	10	0	0	90s	100	1	2505
g	317	726	10	10	0	0	90s	100	1	2505
g	160	728	10	10	0	0	90s	100	1	2505
g	150	732	10	10	0	0	90s	100	1	2505
g	206	734	10	10	0	0	90s	100	1	2505
g	231	735	10	10	0	0	90s	100	1	2505
g	86	736	10	10	0	0	90s	100	1	2505
g	71	738	10	10	0	0	90s	100	1	2505
g	114	740	10	10	0	0	90s	100	1	2505
g	147	750	10	10	0	0	90s	100	1	2505
g	75	752	10	10	0	0	90s	100	1	2505
g	255	754	10	10	0	0	90s	100	1	2505
g	160	758	10	10	0	0	90s	100	1	2505
g	243	761	10	10	0	0	90s	100	1	2505
g	220	768	10	10	0	0	90s	100	1	2505
g	198	770	10	10	0	0	90s	100	1	2505
g	50	772	10	10	0	0	90s	100	1	2505
g	229	775	10	10	0	0	90s	100	1	2505
g	141	776	10	10	0	0	90s	100	1	2505
g	50	778	10	10	0	0	90s	100	1	2505
g	284	778	10	10	0	0	90s	100	1	2505
g	268	781	10	10	0	0	90s	100	1	2505
g	96	784	10	10	0	0	90s	100	1	2505
g	246	785	10	10	0	0	90s	100	1	2505
g	178	792	10	10	0	0	90s	100	1	2505
g	171	805	10	10	0	0	90s	100	1	2505
g	264	808	10	10	0	0	90s	100	1	2505
g	115	811	10	10	0	0	90s	100	1	2505
g	135	811	10	10	0	0	90s	100	1	2505
g	180	811	10	10	0	0	90s	100	1	2505
g	258	817	10	10	0	0	90s	100	1	2505
g	74	822	10	10	0	0	90s	100	1	2505
g	195	824	10	10	0	0	90s	100	1	2505
g	59	830	10	10	0	0	90s	100	1	2505
g	192	831	10	10	0	0	90s	100	1	2505
g	196	831	10	10	0	0	90s	100	1	2505
g	256	833	10	10	0	0	90s	100	1	2505
g	259	835	10	10	0	0	90s	100	1	2505
g	118	836	10	10	0	0	90s	100	1	2505
g	157	837	10	10	0	0	90s	100	1	2505
g	265	837	10	10	0	0	90s	100	1	2505
g	118	840	10	10	0	0	90s	100	1	2505
g	276	842	10	10	0	0	90s	100	1	2505
g	278	842	10	10	0	0	90s	100	1	2505
g	149	851	10	10	0	0	90s	100	1	2505
g	209	860	10	10	0	0	90s	100	1	2505
g	180	866	10	10	0	0	90s	100	1	2505
g	414	87	10	10	0	0	90s	100	1	2504
g	412	93	10	10	0	0	90s	100	1	2504
g	463	95	10	10	0	0	90s	100	1	2504
g	398	101	10	10	0	0	90s	100	1	2504
g	487	101	10	10	0	0	90s	100	1	2504
g	452	106	10	10	0	0	90s	100	1	2504
g	394	137	10	10	0	0	90s	100	1	2504
g	433	137	10	10	0	0	90s	100	1	2504
g	440	162	10	10	0	0	90s	100	1	2504
g	399	176	10	10	0	0	90s	100	1	2504
g	399	181	10	10	0	0	90s	100	1	2504
g	462	182	10	10	0	0	90s	100	1	2504
g	475	191	10	10	0	0	90s	100	1	2504
g	388	198	10	10	0	0	90s	100	1	2504
g	463	203	10	10	0	0	90s	100	1	2504
g	402	208	10	10	0	0	90s	100	1	2504
g	371	209	10	10	0	0	90s	100	1	2504
g	410	213	10	10	0	0	90s	100	1	2504
g	352	220	10	10	0	0	90s	100	1	2504
g	394	230	10	10	0	0	90s	100	1	2504
g	372	232	10	10	0	0	90s	100	1	2504
g	405	240	10	10	0	0	90s	100	1	2504
g	406	246	10	10	0	0	90s	100	1	2504
g	369	262	10	10	0	0	90s	100	1	2504
g	387	264	10	10	0	0	90s	100	1	2504
g	401	276	10	10	0	0	90s	100	1	2504
g	294	302	10	10	0	0	90s	100	1	2504
g	304	320	10	10	0	0	90s	100	1	2504
g	389	321	10	10	0	0	90s	100	1	2504
g	375	330	10	10	0	0	90s	100	1	2504
g	340	337	10	10	0	0	90s	100	1	2504
g	361	342	10	10	0	0	90s	100	1	2504
g	389	347	10	10	0	0	90s	100	1	2504
g	392	347	10	10	0	0	90s	100	1	2504
g	317	361	10	10	0	0	90s	100	1	2504
g	366	374	10	10	0	0	90s	100	1	2504
g	291	380	10	10	0	0	90s	100	1	2504
g	287	382	10	10	0	0	90s	100	1	2504
g	281	386	10	10	0	0	90s	100	1	2504
g	374	386	10	10	0	0	90s	100	1	2504
g	371	390	10	10	0	0	90s	100	1	2504
g	254	391	10	10	0	0	90s	100	1	2504
g	269	402	10	10	0	0	90s	100	1	2504
g	271	405	10	10	0	0	90s	100	1	2504
g	263	417	10	10	0	0	90s	100	1	2504
g	208	479	10	10	0	0	90s	100	1	2504
g	235	491	10	10	0	0	90s	100	1	2504
g	184	545	10	10	0	0	90s	100	1	2504
g	183	553	10	10	0	0	90s	100	1	2504
g	166	564	10	10	0	0	90s	100	1	2504
g	162	584	10	10	0	0	90s	100	1	2504
g	132	614	10	10	0	0	90s	100	1	2504
g	86	620	10	10	0	0	90s	100	1	2504
g	129	620	10	10	0	0	90s	100	1	2504
g	65	634	10	10	0	0	90s	100	1	2504
g	73	636	10	10	0	0	90s	100	1	2504
g	149	647	10	10	0	0	90s	100	1	2504
g	105	668	10	10	0	0	90s	100	1	2504
g	173	669	10	10	0	0	90s	100	1	2504
g	59	670	10	10	0	0	90s	100	1	2504
g	49	673	10	10	0	0	90s	100	1	2504
g	60	675	10	10	0	0	90s	100	1	2504
g	120	682	10	10	0	0	90s	100	1	2504
g	92	686	10	10	0	0	90s	100	1	2504
g	115	686	10	10	0	0	90s	100	1	2504
g	108	692	10	10	0	0	90s	100	1	2504
g	83	702	10	10	0	0	90s	100	1	2504
g	317	75	10	10	0	0	90s	100	1	2503
g	319	76	10	10	0	0	90s	100	1	2503
g	295	142	10	10	0	0	90s	100	1	2503
g	352	150	10	10	0	0	90s	100	1	2503
g	304	168	10	10	0	0	90s	100	1	2503
g	322	173	10	10	0	0	90s	100	1	2503
g	260	195	10	10	0	0	90s	100	1	2503
g	314	196	10	10	0	0	90s	100	1	2503
g	337	201	10	10	0	0	90s	100	1	2503
g	252	276	10	10	0	0	90s	100	1	2503
g	236	283	10	10	0	0	90s	100	1	2503
g	286	306	10	10	0	0	90s	100	1	2503
g	213	336	10	10	0	0	90s	100	1	2503
g	223	357	10	10	0	0	90s	100	1	2503
g	205	374	10	10	0	0	90s	100	1	2503
g	180	431	10	10	0	0	90s	100	1	2503
g	153	436	10	10	0	0	90s	100	1	2503
g	156	442	10	10	0	0	90s	100	1	2503
g	56	445	10	10	0	0	90s	100	1	2503
g	197	457	10	10	0	0	90s	100	1	2503
g	178	470	10	10	0	0	90s	100	1	2503
g	187	485	10	10	0	0	90s	100	1	2503
g	178	488	10	10	0	0	90s	100	1	2503
g	56	497	10	10	0	0	90s	100	1	2503
g	139	509	10	10	0	0	90s	100	1	2503
g	116	530	10	10	0	0	90s	100	1	2503
g	66	542	10	10	0	0	90s	100	1	2503
g	79	544	10	10	0	0	90s	100	1	2503
g	49	577	10	10	0	0	90s	100	1	2503
g	107	581	10	10	0	0	90s	100	1	2503
g	52	588	10	10	0	0	90s	100	1	2503
g	81	597	10	10	0	0	90s	100	1	2503
g	55	601	10	10	0	0	90s	100	1	2503
g	59	626	10	10	0	0	90s	100	1	2503
g	157	48	10	10	0	0	90s	100	1	2502
g	250	51	10	10	0	0	90s	100	1	2502
g	258	53	10	10	0	0	90s	100	1	2502
g	267	68	10	10	0	0	90s	100	1	2502
g	180	70	10	10	0	0	90s	100	1	2502
g	133	85	10	10	0	0	90s	100	1	2502
g	236	92	10	10	0	0	90s	100	1	2502
g	239	99	10	10	0	0	90s	100	1	2502
g	205	112	10	10	0	0	90s	100	1	2502
g	209	189	10	10	0	0	90s	100	1	2502
g	230	208	10	10	0	0	90s	100	1	2502
g	178	283	10	10	0	0	90s	100	1	2502
g	190	306	10	10	0	0	90s	100	1	2502
g	178	324	10	10	0	0	90s	100	1	2502
g	174	328	10	10	0	0	90s	100	1	2502
g	153	368	10	10	0	0	90s	100	1	2502
g	59	374	10	10	0	0	90s	100	1	2502
g	65	378	10	10	0	0	90s	100	1	2502
g	117	408	10	10	0	0	90s	100	1	2502
g	49	423	10	10	0	0	90s	100	1	2502
g	118	114	10	10	0	0	90s	100	1	2501
g	82	144	10	10	0	0	90s	100	1	2501
g	161	182	10	10	0	0	90s	100	1	2501
