PAWN						S_PAWN						KNIGHT						S_KNIGHT					
초급검	1	15	0.16	도+1	2500 	초급검	1	15	0.208	도+1	1923 	초급검	1 	15 	0.24	도+1	1667 	초급검	1	15	0.4	도+1	1000 
	1	15	0.08	도+2	5000 		1	15	0.104	도+2	3846 		1 	15 	0.12	도+2	3333 		1	15	0.2	도+2	2000 
	1	15	0.4	장검+0	1000 		1	15	0.52	장검+0	769 		1 	15 	0.6	장검+0	667 		1	15	1	장검+0	400 
	1	15	0.16	장검+1	2500 		1	15	0.208	장검+1	1923 		1 	15 	0.24	장검+1	1667 		1	15	0.4	장검+1	1000 
	1	15	0.08	장검+2	5000 		1	15	0.104	장검+2	3846 		1 	15 	0.12	장검+2	3333 		1	15	0.2	장검+2	2000 
	1	15	0.4	월도+0	1000 		1	15	0.52	월도+0	769 		1 	15 	0.6	월도+0	667 		1	15	1	월도+0	400 
	1	15	0.16	월도+1	2500 		1	15	0.208	월도+1	1923 		1 	15 	0.24	월도+1	1667 		1	15	0.4	월도+1	1000 
	1	15	0.08	월도+2	5000 		1	15	0.104	월도+2	3846 		1 	15 	0.12	월도+2	3333 		1	15	0.2	월도+2	2000 
	5	15	0.4	세검+0	1000 		5	15	0.52	세검+0	769 		5 	15 	0.6	세검+0	667 		5	15	1	세검+0	400 
	5	15	0.16	세검+1	2500 		5	15	0.208	세검+1	1923 		5 	15 	0.24	세검+1	1667 		5	15	0.4	세검+1	1000 
	5	15	0.08	세검+2	5000 		5	15	0.104	세검+2	3846 		5 	15 	0.12	세검+2	3333 		5	15	0.2	세검+2	2000 
	5	15	0.2	낭아도+0	2000 		5	15	0.26	낭아도+0	1538 		5 	15 	0.3	낭아도+0	1333 		5	15	0.5	낭아도+0	800 
	5	15	0.08	낭아도+1	5000 		5	15	0.104	낭아도+1	3846 		5 	15 	0.12	낭아도+1	3333 		5	15	0.2	낭아도+1	2000 
초급양손검	1	15	0.4	대도+0	1000 	초급양손검	1	15	0.52	대도+0	769 	초급양손검	1 	15 	0.6	대도+0	667 	초급양손검	1	15	1	대도+0	400 
	1	15	0.16	대도+1	2500 		1	15	0.208	대도+1	1923 		1 	15 	0.24	대도+1	1667 		1	15	0.4	대도+1	1000 
	1	15	0.08	대도+2	5000 		1	15	0.104	대도+2	3846 		1 	15 	0.12	대도+2	3333 		1	15	0.2	대도+2	2000 
	1	15	0.4	장창+0	1000 		1	15	0.52	장창+0	769 		1 	15 	0.6	장창+0	667 		1	15	1	장창+0	400 
	1	15	0.16	장창+1	2500 		1	15	0.208	장창+1	1923 		1 	15 	0.24	장창+1	1667 		1	15	0.4	장창+1	1000 
	1	15	0.08	장창+2	5000 		1	15	0.104	장창+2	3846 		1 	15 	0.12	장창+2	3333 		1	15	0.2	장창+2	2000 
	1	15	0.4	단두도+0	1000 		1	15	0.52	단두도+0	769 		1 	15 	0.6	단두도+0	667 		1	15	1	단두도+0	400 
	1	15	0.16	단두도+1	2500 		1	15	0.208	단두도+1	1923 		1 	15 	0.24	단두도+1	1667 		1	15	0.4	단두도+1	1000 
	1	15	0.08	단두도+2	5000 		1	15	0.104	단두도+2	3846 		1 	15 	0.12	단두도+2	3333 		1	15	0.2	단두도+2	2000 
	5	15	0.4	쇄후쌍구+0	1000 		5	15	0.52	쇄후쌍구+0	769 		5 	15 	0.6	쇄후쌍구+0	667 		5	15	1	쇄후쌍구+0	400 
	5	15	0.16	쇄후쌍구+1	2500 		5	15	0.208	쇄후쌍구+1	1923 		5 	15 	0.24	쇄후쌍구+1	1667 		5	15	0.4	쇄후쌍구+1	1000 
	5	15	0.08	쇄후쌍구+2	5000 		5	15	0.104	쇄후쌍구+2	3846 		5 	15 	0.12	쇄후쌍구+2	3333 		5	15	0.2	쇄후쌍구+2	2000 
	5	15	0.2	선인극+0	2000 		5	15	0.26	선인극+0	1538 		5 	15 	0.3	선인극+0	1333 		5	15	0.5	선인극+0	800 
	5	15	0.08	선인극+1	5000 		5	15	0.104	선인극+1	3846 		5 	15 	0.12	선인극+1	3333 		5	15	0.2	선인극+1	2000 
	5	15	0.02	선인극+2	20000 		5	15	0.026	선인극+2	15385 		5 	15 	0.03	선인극+2	13333 		5	15	0.05	선인극+2	8000 
초급두손검	1	15	0.16	단도+1	2500 	초급두손검	1	15	0.208	단도+1	1923 	초급두손검	1 	15 	0.24	단도+1	1667 	초급두손검	1	15	0.4	단도+1	1000 
	1	15	0.08	단도+2	5000 		1	15	0.104	단도+2	3846 		1 	15 	0.12	단도+2	3333 		1	15	0.2	단도+2	2000 
	1	15	0.4	아미자+0	1000 		1	15	0.52	아미자+0	769 		1 	15 	0.6	아미자+0	667 		1	15	1	아미자+0	400 
	1	15	0.16	아미자+1	2500 		1	15	0.208	아미자+1	1923 		1 	15 	0.24	아미자+1	1667 		1	15	0.4	아미자+1	1000 
	1	15	0.08	아미자+2	5000 		1	15	0.104	아미자+2	3846 		1 	15 	0.12	아미자+2	3333 		1	15	0.2	아미자+2	2000 
	1	15	0.4	서역단도+0	1000 		1	15	0.52	서역단도+0	769 		1 	15 	0.6	서역단도+0	667 		1	15	1	서역단도+0	400 
	1	15	0.16	서역단도+1	2500 		1	15	0.208	서역단도+1	1923 		1 	15 	0.24	서역단도+1	1667 		1	15	0.4	서역단도+1	1000 
	1	15	0.08	서역단도+2	5000 		1	15	0.104	서역단도+2	3846 		1 	15 	0.12	서역단도+2	3333 		1	15	0.2	서역단도+2	2000 
	5	15	0.4	구치구+0	1000 		5	15	0.52	구치구+0	769 		5 	15 	0.6	구치구+0	667 		5	15	1	구치구+0	400 
	5	15	0.16	구치구+1	2500 		5	15	0.208	구치구+1	1923 		5 	15 	0.24	구치구+1	1667 		5	15	0.4	구치구+1	1000 
	5	15	0.08	구치구+2	5000 		5	15	0.104	구치구+2	3846 		5 	15 	0.12	구치구+2	3333 		5	15	0.2	구치구+2	2000 
	5	15	0.2	천축단도+0	2000 		5	15	0.26	천축단도+0	1538 		5 	15 	0.3	천축단도+0	1333 		5	15	0.5	천축단도+0	800 
	5	15	0.08	천축단도+1	5000 		5	15	0.104	천축단도+1	3846 		5 	15 	0.12	천축단도+1	3333 		5	15	0.2	천축단도+1	2000 
초급활	1	15	0.4	단궁+0	1000 	초급활	1	15	0.52	단궁+0	769 	초급활	1 	15 	0.6	단궁+0	667 	초급활	1	15	1	단궁+0	400 
	1	15	0.16	단궁+1	2500 		1	15	0.208	단궁+1	1923 		1 	15 	0.24	단궁+1	1667 		1	15	0.4	단궁+1	1000 
	1	15	0.08	단궁+2	5000 		1	15	0.104	단궁+2	3846 		1 	15 	0.12	단궁+2	3333 		1	15	0.2	단궁+2	2000 
	1	15	0.4	장궁+0	1000 		1	15	0.52	장궁+0	769 		1 	15 	0.6	장궁+0	667 		1	15	1	장궁+0	400 
	1	15	0.16	장궁+1	2500 		1	15	0.208	장궁+1	1923 		1 	15 	0.24	장궁+1	1667 		1	15	0.4	장궁+1	1000 
	1	15	0.08	장궁+2	5000 		1	15	0.104	장궁+2	3846 		1 	15 	0.12	장궁+2	3333 		1	15	0.2	장궁+2	2000 
	1	15	0.4	합성궁+0	1000 		1	15	0.52	합성궁+0	769 		1 	15 	0.6	합성궁+0	667 		1	15	1	합성궁+0	400 
	1	15	0.16	합성궁+1	2500 		1	15	0.208	합성궁+1	1923 		1 	15 	0.24	합성궁+1	1667 		1	15	0.4	합성궁+1	1000 
	1	15	0.08	합성궁+2	5000 		1	15	0.104	합성궁+2	3846 		1 	15 	0.12	합성궁+2	3333 		1	15	0.2	합성궁+2	2000 
	5	15	0.4	전궁+0	1000 		5	15	0.52	전궁+0	769 		5 	15 	0.6	전궁+0	667 		5	15	1	전궁+0	400 
	5	15	0.16	전궁+1	2500 		5	15	0.208	전궁+1	1923 		5 	15 	0.24	전궁+1	1667 		5	15	0.4	전궁+1	1000 
	5	15	0.08	전궁+2	5000 		5	15	0.104	전궁+2	3846 		5 	15 	0.12	전궁+2	3333 		5	15	0.2	전궁+2	2000 
	5	15	0.2	기마장궁+0	2000 		5	15	0.26	기마장궁+0	1538 		5 	15 	0.3	기마장궁+0	1333 		5	15	0.5	기마장궁+0	800 
	5	15	0.08	기마장궁+1	5000 		5	15	0.104	기마장궁+1	3846 		5 	15 	0.12	기마장궁+1	3333 		5	15	0.2	기마장궁+1	2000 
	5	15	0.02	기마장궁+2	20000 		5	15	0.026	기마장궁+2	15385 		5 	15 	0.03	기마장궁+2	13333 		5	15	0.05	기마장궁+2	8000 
초급방울	1	15	0.4	동령+0	1000 	초급방울	1	15	0.52	동령+0	769 	초급방울	1 	15 	0.6	동령+0	667 	초급방울	1	15	1	동령+0	400 
	1	15	0.16	동령+1	2500 		1	15	0.208	동령+1	1923 		1 	15 	0.24	동령+1	1667 		1	15	0.4	동령+1	1000 
	1	15	0.08	동령+2	5000 		1	15	0.104	동령+2	3846 		1 	15 	0.12	동령+2	3333 		1	15	0.2	동령+2	2000 
	1	15	0.4	은령+0	1000 		1	15	0.52	은령+0	769 		1 	15 	0.6	은령+0	667 		1	15	1	은령+0	400 
	1	15	0.16	은령+1	2500 		1	15	0.208	은령+1	1923 		1 	15 	0.24	은령+1	1667 		1	15	0.4	은령+1	1000 
	1	15	0.08	은령+2	5000 		1	15	0.104	은령+2	3846 		1 	15 	0.12	은령+2	3333 		1	15	0.2	은령+2	2000 
	5	15	0.2	금령+0	2000 		5	15	0.26	금령+0	1538 		5 	15 	0.3	금령+0	1333 		5	15	0.5	금령+0	800 
	5	15	0.08	금령+1	5000 		5	15	0.104	금령+1	3846 		5 	15 	0.12	금령+1	3333 		5	15	0.2	금령+1	2000 
	5	15	0.02	금령+2	20000 		5	15	0.026	금령+2	15385 		5 	15 	0.03	금령+2	13333 		5	15	0.05	금령+2	8000 
초급부채	1	15	0.16	백선+1	2500 	초급부채	1	15	0.208	백선+1	1923 	초급부채	1 	15 	0.24	백선+1	1667 	초급부채	1	15	0.4	백선+1	1000 
	1	15	0.08	백선+2	5000 		1	15	0.104	백선+2	3846 		1 	15 	0.12	백선+2	3333 		1	15	0.2	백선+2	2000 
	1	15	0.4	철편선+0	1000 		1	15	0.52	철편선+0	769 		1 	15 	0.6	철편선+0	667 		1	15	1	철편선+0	400 
	1	15	0.16	철편선+1	2500 		1	15	0.208	철편선+1	1923 		1 	15 	0.24	철편선+1	1667 		1	15	0.4	철편선+1	1000 
	1	15	0.08	철편선+2	5000 		1	15	0.104	철편선+2	3846 		1 	15 	0.12	철편선+2	3333 		1	15	0.2	철편선+2	2000 
	1	15	0.4	흑호선+0	1000 		1	15	0.52	흑호선+0	769 		1 	15 	0.6	흑호선+0	667 		1	15	1	흑호선+0	400 
	1	15	0.16	흑호선+1	2500 		1	15	0.208	흑호선+1	1923 		1 	15 	0.24	흑호선+1	1667 		1	15	0.4	흑호선+1	1000 
	1	15	0.08	흑호선+2	5000 		1	15	0.104	흑호선+2	3846 		1 	15 	0.12	흑호선+2	3333 		1	15	0.2	흑호선+2	2000 
	1	15	0.4	학익선+0	1000 		1	15	0.52	학익선+0	769 		1 	15 	0.6	학익선+0	667 		1	15	1	학익선+0	400 
	1	15	0.16	학익선+1	2500 		1	15	0.208	학익선+1	1923 		1 	15 	0.24	학익선+1	1667 		1	15	0.4	학익선+1	1000 
	1	15	0.08	학익선+2	5000 		1	15	0.104	학익선+2	3846 		1 	15 	0.12	학익선+2	3333 		1	15	0.2	학익선+2	2000 
	5	15	0.2	공작선+0	2000 		5	15	0.26	공작선+0	1538 		5 	15 	0.3	공작선+0	1333 		5	15	0.5	공작선+0	800 
	5	15	0.08	공작선+1	5000 		5	15	0.104	공작선+1	3846 		5 	15 	0.12	공작선+1	3333 		5	15	0.2	공작선+1	2000 
초급무사갑옷	1	15	0.16	나한갑+0	2500 	초급무사갑옷	1	15	0.208	나한갑+0	1923 	초급무사갑옷	1 	15 	0.24	나한갑+0	1667 	초급무사갑옷	1	15	0.4	나한갑+0	1000 
	1	15	0.026666667	나한갑+1	15000 		1	15	0.034666667	나한갑+1	11538 		1 	15 	0.04	나한갑+1	10000 		1	15	0.066666667	나한갑+1	6000 
	1	15	0.016	나한갑+2	25000 		1	15	0.0208	나한갑+2	19231 		1 	15 	0.024	나한갑+2	16667 		1	15	0.04	나한갑+2	10000 
	5	15	0.16	기륭갑+0	2500 		5	15	0.208	기륭갑+0	1923 		5 	15 	0.24	기륭갑+0	1667 		5	15	0.4	기륭갑+0	1000 
	5	15	0.026666667	기륭갑+1	15000 		5	15	0.034666667	기륭갑+1	11538 		5 	15 	0.04	기륭갑+1	10000 		5	15	0.066666667	기륭갑+1	6000 
	5	15	0.016	기륭갑+2	25000 		5	15	0.0208	기륭갑+2	19231 		5 	15 	0.024	기륭갑+2	16667 		5	15	0.04	기륭갑+2	10000 
	10	20	0.16	자호갑+0	2500 		10	20	0.208	자호갑+0	1923 		10 	20 	0.24	자호갑+0	1667 		10	20	0.4	자호갑+0	1000 
	10	20	0.026666667	자호갑+1	15000 		10	20	0.034666667	자호갑+1	11538 		10 	20 	0.04	자호갑+1	10000 		10	20	0.066666667	자호갑+1	6000 
	10	20	0.016	자호갑+2	25000 		10	20	0.0208	자호갑+2	19231 		10 	20 	0.024	자호갑+2	16667 		10	20	0.04	자호갑+2	10000 
초급자객갑옷	1	15	0.16	탄마+0	2500 	초급자객갑옷	1	15	0.208	탄마+0	1923 	초급자객갑옷	1 	15 	0.24	탄마+0	1667 	초급자객갑옷	1	15	0.4	탄마+0	1000 
	1	15	0.026666667	탄마+1	15000 		1	15	0.034666667	탄마+1	11538 		1 	15 	0.04	탄마+1	10000 		1	15	0.066666667	탄마+1	6000 
	1	15	0.016	탄마+2	25000 		1	15	0.0208	탄마+2	19231 		1 	15 	0.024	탄마+2	16667 		1	15	0.04	탄마+2	10000 
	5	15	0.16	극섬+0	2500 		5	15	0.208	극섬+0	1923 		5 	15 	0.24	극섬+0	1667 		5	15	0.4	극섬+0	1000 
	5	15	0.026666667	극섬+1	15000 		5	15	0.034666667	극섬+1	11538 		5 	15 	0.04	극섬+1	10000 		5	15	0.066666667	극섬+1	6000 
	5	15	0.016	극섬+2	25000 		5	15	0.0208	극섬+2	19231 		5 	15 	0.024	극섬+2	16667 		5	15	0.04	극섬+2	10000 
	10	20	0.16	다홍+0	2500 		10	20	0.208	다홍+0	1923 		10 	20 	0.24	다홍+0	1667 		10	20	0.4	다홍+0	1000 
	10	20	0.026666667	다홍+1	15000 		10	20	0.034666667	다홍+1	11538 		10 	20 	0.04	다홍+1	10000 		10	20	0.066666667	다홍+1	6000 
	10	20	0.016	다홍+2	25000 		10	20	0.0208	다홍+2	19231 		10 	20 	0.024	다홍+2	16667 		10	20	0.04	다홍+2	10000 
초급수라갑옷	1	15	0.16	진혼갑+0	2500 	초급수라갑옷	1	15	0.208	진혼갑+0	1923 	초급수라갑옷	1 	15 	0.24	진혼갑+0	1667 	초급수라갑옷	1	15	0.4	진혼갑+0	1000 
	1	15	0.026666667	진혼갑+1	15000 		1	15	0.034666667	진혼갑+1	11538 		1 	15 	0.04	진혼갑+1	10000 		1	15	0.066666667	진혼갑+1	6000 
	1	15	0.016	진혼갑+2	25000 		1	15	0.0208	진혼갑+2	19231 		1 	15 	0.024	진혼갑+2	16667 		1	15	0.04	진혼갑+2	10000 
	5	15	0.16	마극갑+0	2500 		5	15	0.208	마극갑+0	1923 		5 	15 	0.24	마극갑+0	1667 		5	15	0.4	마극갑+0	1000 
	5	15	0.026666667	마극갑+1	15000 		5	15	0.034666667	마극갑+1	11538 		5 	15 	0.04	마극갑+1	10000 		5	15	0.066666667	마극갑+1	6000 
	5	15	0.016	마극갑+2	25000 		5	15	0.0208	마극갑+2	19231 		5 	15 	0.024	마극갑+2	16667 		5	15	0.04	마극갑+2	10000 
	10	20	0.16	비운갑+0	2500 		10	20	0.208	비운갑+0	1923 		10 	20 	0.24	비운갑+0	1667 		10	20	0.4	비운갑+0	1000 
	10	20	0.026666667	비운갑+1	15000 		10	20	0.034666667	비운갑+1	11538 		10 	20 	0.04	비운갑+1	10000 		10	20	0.066666667	비운갑+1	6000 
	10	20	0.016	비운갑+2	25000 		10	20	0.0208	비운갑+2	19231 		10 	20 	0.024	비운갑+2	16667 		10	20	0.04	비운갑+2	10000 
초급무당갑옷	1	15	0.16	청낭의+0	2500 	초급무당갑옷	1	15	0.208	청낭의+0	1923 	초급무당갑옷	1 	15 	0.24	청낭의+0	1667 	초급무당갑옷	1	15	0.4	청낭의+0	1000 
	1	15	0.026666667	청낭의+1	15000 		1	15	0.034666667	청낭의+1	11538 		1 	15 	0.04	청낭의+1	10000 		1	15	0.066666667	청낭의+1	6000 
	1	15	0.016	청낭의+2	25000 		1	15	0.0208	청낭의+2	19231 		1 	15 	0.024	청낭의+2	16667 		1	15	0.04	청낭의+2	10000 
	5	15	0.16	나봉의+0	2500 		5	15	0.208	나봉의+0	1923 		5 	15 	0.24	나봉의+0	1667 		5	15	0.4	나봉의+0	1000 
	5	15	0.026666667	나봉의+1	15000 		5	15	0.034666667	나봉의+1	11538 		5 	15 	0.04	나봉의+1	10000 		5	15	0.066666667	나봉의+1	6000 
	5	15	0.016	나봉의+2	25000 		5	15	0.0208	나봉의+2	19231 		5 	15 	0.024	나봉의+2	16667 		5	15	0.04	나봉의+2	10000 
	10	20	0.16	비홍의+0	2500 		10	20	0.208	비홍의+0	1923 		10 	20 	0.24	비홍의+0	1667 		10	20	0.4	비홍의+0	1000 
	10	20	0.026666667	비홍의+1	15000 		10	20	0.034666667	비홍의+1	11538 		10 	20 	0.04	비홍의+1	10000 		10	20	0.066666667	비홍의+1	6000 
	10	20	0.016	비홍의+2	25000 		10	20	0.0208	비홍의+2	19231 		10 	20 	0.024	비홍의+2	16667 		10	20	0.04	비홍의+2	10000 
팔찌	5	20	0.006	나무팔찌+0	66667 	팔찌	5	20	0.00312	나무팔찌+0	128205 	팔찌	5 	20 	0.0036	나무팔찌+0	111111 	팔찌	5	20	0.006	나무팔찌+0	66667 
	5	20	0.0004	나무팔찌+2	1000000 		5	20	0.000208	나무팔찌+2	1923077 		5 	20 	0.00024	나무팔찌+2	1666667 		5	20	0.0004	나무팔찌+2	1000000 
	5	20	0.006	구리팔찌+0	66667 		5	20	0.00312	구리팔찌+0	128205 		5 	20 	0.0036	구리팔찌+0	111111 		5	20	0.006	구리팔찌+0	66667 
	5	20	0.0012	구리팔찌+1	333333 		5	20	0.000624	구리팔찌+1	641026 		5 	20 	0.00072	구리팔찌+1	555556 		5	20	0.0012	구리팔찌+1	333333 
	5	20	0.0004	구리팔찌+2	1000000 		5	20	0.000208	구리팔찌+2	1923077 		5 	20 	0.00024	구리팔찌+2	1666667 		5	20	0.0004	구리팔찌+2	1000000 
	5	20	0.012	은팔찌+0	66667 		5	20	0.006	은팔찌+0	128205 		5 	20 	0.0036	은팔찌+0	111111 		5	20	0.012	은팔찌+0	66667 
	5	20	0.006	은팔찌+1	333333 		5	20	0.0012	은팔찌+1	641026 		5 	20 	0.00072	은팔찌+1	555556 		5	20	0.006	은팔찌+1	333333 
	5	20	0.003	은팔찌+2	1000000 		5	20	0.0006	은팔찌+2	1923077 		5 	20 	0.00024	은팔찌+2	1666667 		5	20	0.003	은팔찌+2	1000000 
	5	20	0.006	금팔찌+0	66667 		5	20	0.00312	금팔찌+0	128205 		5 	20 	0.0036	금팔찌+0	111111 		5	20	0.006	금팔찌+0	66667 
	5	20	0.0012	금팔찌+1	333333 		5	20	0.000624	금팔찌+1	641026 		5 	20 	0.00072	금팔찌+1	555556 		5	20	0.0012	금팔찌+1	333333 
	5	20	0.0004	금팔찌+2	1000000 		5	20	0.000208	금팔찌+2	1923077 		5 	20 	0.00024	금팔찌+2	1666667 		5	20	0.0004	금팔찌+2	1000000 
신발	5	20	0.08	가죽신발+0	5000 	신발	5	20	0.0416	가죽신발+0	9615 	신발	5 	20 	0.048	가죽신발+0	8333 	신발	5	20	0.08	가죽신발+0	5000 
	5	20	0.004	가죽신발+2	100000 		5	20	0.00208	가죽신발+2	192308 		5 	20 	0.0024	가죽신발+2	166667 		5	20	0.004	가죽신발+2	100000 
	5	20	0.08	죽피신발+0	5000 		5	20	0.0416	죽피신발+0	9615 		5 	20 	0.048	죽피신발+0	8333 		5	20	0.08	죽피신발+0	5000 
	5	20	0.013333333	죽피신발+1	30000 		5	20	0.006933333	죽피신발+1	57692 		5 	20 	0.008	죽피신발+1	50000 		5	20	0.013333333	죽피신발+1	30000 
	5	20	0.004	죽피신발+2	100000 		5	20	0.00208	죽피신발+2	192308 		5 	20 	0.0024	죽피신발+2	166667 		5	20	0.004	죽피신발+2	100000 
	5	20	0.02	목편신발+0	20000 		5	20	0.0104	목편신발+0	38462 		5 	20 	0.012	목편신발+0	33333 		5	20	0.02	목편신발+0	20000 
	5	20	0.004	목편신발+1	100000 		5	20	0.00208	목편신발+1	192308 		5 	20 	0.0024	목편신발+1	166667 		5	20	0.004	목편신발+1	100000 
	5	20	0.002	목편신발+2	200000 		5	20	0.00104	목편신발+2	384615 		5 	20 	0.0012	목편신발+2	333333 		5	20	0.002	목편신발+2	200000 
	5	20	0.02	금사신발+0	20000 		5	20	0.0104	금사신발+0	38462 		5 	20 	0.012	금사신발+0	33333 		5	20	0.02	금사신발+0	20000 
	5	20	0.004	금사신발+1	100000 		5	20	0.00208	금사신발+1	192308 		5 	20 	0.0024	금사신발+1	166667 		5	20	0.004	금사신발+1	100000 
	5	20	0.002	금사신발+2	200000 		5	20	0.00104	금사신발+2	384615 		5 	20 	0.0012	금사신발+2	333333 		5	20	0.002	금사신발+2	200000 
귀걸이	5	20	0.08	나무귀걸이+0	5000 	귀걸이	5	20	0.0416	나무귀걸이+0	9615 	귀걸이	5 	20 	0.048	나무귀걸이+0	8333 	귀걸이	5	20	0.08	나무귀걸이+0	5000 
	5	20	0.004	나무귀걸이+2	100000 		5	20	0.00208	나무귀걸이+2	192308 		5 	20 	0.0024	나무귀걸이+2	166667 		5	20	0.004	나무귀걸이+2	100000 
	5	20	0.08	구리귀걸이+0	5000 		5	20	0.0416	구리귀걸이+0	9615 		5 	20 	0.048	구리귀걸이+0	8333 		5	20	0.08	구리귀걸이+0	5000 
	5	20	0.013333333	구리귀걸이+1	30000 		5	20	0.006933333	구리귀걸이+1	57692 		5 	20 	0.008	구리귀걸이+1	50000 		5	20	0.013333333	구리귀걸이+1	30000 
	5	20	0.004	구리귀걸이+2	100000 		5	20	0.00208	구리귀걸이+2	192308 		5 	20 	0.0024	구리귀걸이+2	166667 		5	20	0.004	구리귀걸이+2	100000 
	5	20	0.02	은귀걸이+0	20000 		5	20	0.0104	은귀걸이+0	38462 		5 	20 	0.012	은귀걸이+0	33333 		5	20	0.02	은귀걸이+0	20000 
	5	20	0.004	은귀걸이+1	100000 		5	20	0.00208	은귀걸이+1	192308 		5 	20 	0.0024	은귀걸이+1	166667 		5	20	0.004	은귀걸이+1	100000 
	5	20	0.002	은귀걸이+2	200000 		5	20	0.00104	은귀걸이+2	384615 		5 	20 	0.0012	은귀걸이+2	333333 		5	20	0.002	은귀걸이+2	200000 
	5	20	0.02	금귀걸이+0	20000 		5	20	0.0104	금귀걸이+0	38462 		5 	20 	0.012	금귀걸이+0	33333 		5	20	0.02	금귀걸이+0	20000 
	5	20	0.004	금귀걸이+1	100000 		5	20	0.00208	금귀걸이+1	192308 		5 	20 	0.0024	금귀걸이+1	166667 		5	20	0.004	금귀걸이+1	100000 
	5	20	0.002	금귀걸이+2	200000 		5	20	0.00104	금귀걸이+2	384615 		5 	20 	0.0012	금귀걸이+2	333333 		5	20	0.002	금귀걸이+2	200000 
목걸이	5	20	0.08	나무목걸이+0	5000 	목걸이	5	20	0.0416	나무목걸이+0	9615 	목걸이	5 	20 	0.048	나무목걸이+0	8333 	목걸이	5	20	0.08	나무목걸이+0	5000 
	5	20	0.004	나무목걸이+2	100000 		5	20	0.00208	나무목걸이+2	192308 		5 	20 	0.0024	나무목걸이+2	166667 		5	20	0.004	나무목걸이+2	100000 
	5	20	0.08	구리목걸이+0	5000 		5	20	0.0416	구리목걸이+0	9615 		5 	20 	0.048	구리목걸이+0	8333 		5	20	0.08	구리목걸이+0	5000 
	5	20	0.013333333	구리목걸이+1	30000 		5	20	0.006933333	구리목걸이+1	57692 		5 	20 	0.008	구리목걸이+1	50000 		5	20	0.013333333	구리목걸이+1	30000 
	5	20	0.004	구리목걸이+2	100000 		5	20	0.00208	구리목걸이+2	192308 		5 	20 	0.0024	구리목걸이+2	166667 		5	20	0.004	구리목걸이+2	100000 
	5	20	0.02	은목걸이+0	20000 		5	20	0.0104	은목걸이+0	38462 		5 	20 	0.012	은목걸이+0	33333 		5	20	0.02	은목걸이+0	20000 
	5	20	0.004	은목걸이+1	100000 		5	20	0.00208	은목걸이+1	192308 		5 	20 	0.0024	은목걸이+1	166667 		5	20	0.004	은목걸이+1	100000 
	5	20	0.002	은목걸이+2	200000 		5	20	0.00104	은목걸이+2	384615 		5 	20 	0.0012	은목걸이+2	333333 		5	20	0.002	은목걸이+2	200000 
	5	20	0.02	금목걸이+0	20000 		5	20	0.0104	금목걸이+0	38462 		5 	20 	0.012	금목걸이+0	33333 		5	20	0.02	금목걸이+0	20000 
	5	20	0.004	금목걸이+1	100000 		5	20	0.00208	금목걸이+1	192308 		5 	20 	0.0024	금목걸이+1	166667 		5	20	0.004	금목걸이+1	100000 
	5	20	0.002	금목걸이+2	200000 		5	20	0.00104	금목걸이+2	384615 		5 	20 	0.0012	금목걸이+2	333333 		5	20	0.002	금목걸이+2	200000 
중급검	15	35	0.106666667	은검+0	3750 	중급검	15	35	0.104	은검+0	3846 	중급검	15 	35 	0.12	은검+0	3333 	중급검	15	35	0.16	은검+0	2500 
	15	35	0.021333333	은검+1	18750 		15	35	0.0208	은검+1	19231 		15 	35 	0.024	은검+1	16667 		15	35	0.032	은검+1	12500 
	15	35	0.010666667	은검+2	37500 		15	35	0.0104	은검+2	38462 		15 	35 	0.012	은검+2	33333 		15	35	0.016	은검+2	25000 
	20	35	0.106666667	연검+0	3750 		20	35	0.104	연검+0	3846 		20 	35 	0.12	연검+0	3333 		20	35	0.16	연검+0	2500 
	20	35	0.021333333	연검+1	18750 		20	35	0.0208	연검+1	19231 		20 	35 	0.024	연검+1	16667 		20	35	0.032	연검+1	12500 
	20	35	0.010666667	연검+2	37500 		20	35	0.0104	연검+2	38462 		20 	35 	0.012	연검+2	33333 		20	35	0.016	연검+2	25000 
	20	35	0.106666667	사인검+0	3750 		20	35	0.104	사인검+0	3846 		20 	35 	0.12	사인검+0	3333 		20	35	0.16	사인검+0	2500 
	20	35	0.021333333	사인검+1	18750 		20	35	0.0208	사인검+1	19231 		20 	35 	0.024	사인검+1	16667 		20	35	0.032	사인검+1	12500 
	20	35	0.010666667	사인검+2	37500 		20	35	0.0104	사인검+2	38462 		20 	35 	0.012	사인검+2	33333 		20	35	0.016	사인검+2	25000 
	20	35	0.08	남만도+0	5000 		20	35	0.078	남만도+0	5128 		20 	35 	0.09	남만도+0	4444 		20	35	0.12	남만도+0	3333 
	20	35	0.016	남만도+1	25000 		20	35	0.0156	남만도+1	25641 		20 	35 	0.018	남만도+1	22222 		20	35	0.024	남만도+1	16667 
	20	35	0.008	남만도+2	50000 		20	35	0.0078	남만도+2	51282 		20 	35 	0.009	남만도+2	44444 		20	35	0.012	남만도+2	33333 
중급두손검	15	35	0.106666667	소태도+0	3750 	중급두손검	15	35	0.104	소태도+0	3846 	중급두손검	15 	35 	0.12	소태도+0	3333 	중급두손검	15	35	0.16	소태도+0	2500 
	15	35	0.021333333	소태도+1	18750 		15	35	0.0208	소태도+1	19231 		15 	35 	0.024	소태도+1	16667 		15	35	0.032	소태도+1	12500 
	15	35	0.010666667	소태도+2	37500 		15	35	0.0104	소태도+2	38462 		15 	35 	0.012	소태도+2	33333 		15	35	0.016	소태도+2	25000 
	20	35	0.106666667	운검+0	3750 		20	35	0.104	운검+0	3846 		20 	35 	0.12	운검+0	3333 		20	35	0.16	운검+0	2500 
	20	35	0.021333333	운검+1	18750 		20	35	0.0208	운검+1	19231 		20 	35 	0.024	운검+1	16667 		20	35	0.032	운검+1	12500 
	20	35	0.010666667	운검+2	37500 		20	35	0.0104	운검+2	38462 		20 	35 	0.012	운검+2	33333 		20	35	0.016	운검+2	25000 
	20	35	0.106666667	묘아검+0	3750 		20	35	0.104	묘아검+0	3846 		20 	35 	0.12	묘아검+0	3333 		20	35	0.16	묘아검+0	2500 
	20	35	0.021333333	묘아검+1	18750 		20	35	0.0208	묘아검+1	19231 		20 	35 	0.024	묘아검+1	16667 		20	35	0.032	묘아검+1	12500 
	20	35	0.010666667	묘아검+2	37500 		20	35	0.0104	묘아검+2	38462 		20 	35 	0.012	묘아검+2	33333 		20	35	0.016	묘아검+2	25000 
	20	35	0.08	마안도+0	5000 		20	35	0.078	마안도+0	5128 		20 	35 	0.09	마안도+0	4444 		20	35	0.12	마안도+0	3333 
	20	35	0.016	마안도+1	25000 		20	35	0.0156	마안도+1	25641 		20 	35 	0.018	마안도+1	22222 		20	35	0.024	마안도+1	16667 
	20	35	0.008	마안도+2	50000 		20	35	0.0078	마안도+2	51282 		20 	35 	0.009	마안도+2	44444 		20	35	0.012	마안도+2	33333 
중급양손검	15	35	0.106666667	참마도+0	3750 	중급양손검	15	35	0.104	참마도+0	3846 	중급양손검	15 	35 	0.12	참마도+0	3333 	중급양손검	15	35	0.16	참마도+0	2500 
	15	35	0.021333333	참마도+1	18750 		15	35	0.0208	참마도+1	19231 		15 	35 	0.024	참마도+1	16667 		15	35	0.032	참마도+1	12500 
	15	35	0.010666667	참마도+2	37500 		15	35	0.0104	참마도+2	38462 		15 	35 	0.012	참마도+2	33333 		15	35	0.016	참마도+2	25000 
	20	35	0.106666667	삼차+0	3750 		20	35	0.104	삼차+0	3846 		20 	35 	0.12	삼차+0	3333 		20	35	0.16	삼차+0	2500 
	20	35	0.021333333	삼차+1	18750 		20	35	0.0208	삼차+1	19231 		20 	35 	0.024	삼차+1	16667 		20	35	0.032	삼차+1	12500 
	20	35	0.010666667	삼차+2	37500 		20	35	0.0104	삼차+2	38462 		20 	35 	0.012	삼차+2	33333 		20	35	0.016	삼차+2	25000 
	20	35	0.106666667	단극+0	3750 		20	35	0.104	단극+0	3846 		20 	35 	0.12	단극+0	3333 		20	35	0.16	단극+0	2500 
	20	35	0.021333333	단극+1	18750 		20	35	0.0208	단극+1	19231 		20 	35 	0.024	단극+1	16667 		20	35	0.032	단극+1	12500 
	20	35	0.010666667	단극+2	37500 		20	35	0.0104	단극+2	38462 		20 	35 	0.012	단극+2	33333 		20	35	0.016	단극+2	25000 
	20	35	0.08	소산부+0	5000 		20	35	0.078	소산부+0	5128 		20 	35 	0.09	소산부+0	4444 		20	35	0.12	소산부+0	3333 
	20	35	0.016	소산부+1	25000 		20	35	0.0156	소산부+1	25641 		20 	35 	0.018	소산부+1	22222 		20	35	0.024	소산부+1	16667 
	20	35	0.008	소산부+2	50000 		20	35	0.0078	소산부+2	51282 		20 	35 	0.009	소산부+2	44444 		20	35	0.012	소산부+2	33333 
중급활	15	35	0.106666667	기마전궁+0	3750 	중급활	15	35	0.104	기마전궁+0	3846 	중급활	15 	35 	0.12	기마전궁+0	3333 	중급활	15	35	0.16	기마전궁+0	2500 
	15	35	0.021333333	기마전궁+1	18750 		15	35	0.0208	기마전궁+1	19231 		15 	35 	0.024	기마전궁+1	16667 		15	35	0.032	기마전궁+1	12500 
	15	35	0.010666667	기마전궁+2	37500 		15	35	0.0104	기마전궁+2	38462 		15 	35 	0.012	기마전궁+2	33333 		15	35	0.016	기마전궁+2	25000 
	20	35	0.106666667	동이궁+0	3750 		20	35	0.104	동이궁+0	3846 		20 	35 	0.12	동이궁+0	3333 		20	35	0.16	동이궁+0	2500 
	20	35	0.021333333	동이궁+1	18750 		20	35	0.0208	동이궁+1	19231 		20 	35 	0.024	동이궁+1	16667 		20	35	0.032	동이궁+1	12500 
	20	35	0.010666667	동이궁+2	37500 		20	35	0.0104	동이궁+2	38462 		20 	35 	0.012	동이궁+2	33333 		20	35	0.016	동이궁+2	25000 
	20	35	0.106666667	흑록궁+0	3750 		20	35	0.104	흑록궁+0	3846 		20 	35 	0.12	흑록궁+0	3333 		20	35	0.16	흑록궁+0	2500 
	20	35	0.021333333	흑록궁+1	18750 		20	35	0.0208	흑록궁+1	19231 		20 	35 	0.024	흑록궁+1	16667 		20	35	0.032	흑록궁+1	12500 
	20	35	0.010666667	흑록궁+2	37500 		20	35	0.0104	흑록궁+2	38462 		20 	35 	0.012	흑록궁+2	33333 		20	35	0.016	흑록궁+2	25000 
	20	35	0.08	화안궁+0	5000 		20	35	0.078	화안궁+0	5128 		20 	35 	0.09	화안궁+0	4444 		20	35	0.12	화안궁+0	3333 
	20	35	0.016	화안궁+1	25000 		20	35	0.0156	화안궁+1	25641 		20 	35 	0.018	화안궁+1	22222 		20	35	0.024	화안궁+1	16667 
	20	35	0.008	화안궁+2	50000 		20	35	0.0078	화안궁+2	51282 		20 	35 	0.009	화안궁+2	44444 		20	35	0.012	화안궁+2	33333 
중급방울	5	35	0.106666667	옥령+0	3750 	중급방울	5	35	0.104	옥령+0	3846 	중급방울	5 	35 	0.12	옥령+0	3333 	중급방울	5	35	0.16	옥령+0	2500 
	5	35	0.021333333	옥령+1	18750 		5	35	0.0208	옥령+1	19231 		5 	35 	0.018	옥령+1	22222 		5	35	0.032	옥령+1	12500 
	5	35	0.010666667	옥령+2	37500 		5	35	0.0104	옥령+2	38462 		5 	35 	0.009	옥령+2	44444 		5	35	0.016	옥령+2	25000 
	15	35	0.106666667	분수령+0	3750 		15	35	0.104	분수령+0	3846 		15 	35 	0.12	분수령+0	3333 		15	35	0.16	분수령+0	2500 
	15	35	0.021333333	분수령+1	18750 		15	35	0.0208	분수령+1	19231 		15 	35 	0.024	분수령+1	16667 		15	35	0.032	분수령+1	12500 
	15	35	0.010666667	분수령+2	37500 		15	35	0.0104	분수령+2	38462 		15 	35 	0.012	분수령+2	33333 		15	35	0.016	분수령+2	25000 
	20	35	0.08	매화령+0	5000 		20	35	0.078	매화령+0	5128 		20 	35 	0.09	매화령+0	4444 		20	35	0.12	매화령+0	3333 
	20	35	0.016	매화령+1	25000 		20	35	0.0156	매화령+1	25641 		20 	35 	0.018	매화령+1	22222 		20	35	0.024	매화령+1	16667 
	20	35	0.008	매화령+2	50000 		20	35	0.0078	매화령+2	51282 		20 	35 	0.009	매화령+2	44444 		20	35	0.012	매화령+2	33333 
중급부채	15	35	0.106666667	청수선+0	3750 	중급부채	15	35	0.104	청수선+0	3846 	중급부채	15 	35 	0.12	청수선+0	3333 	중급부채	15	35	0.16	청수선+0	2500 
	15	35	0.021333333	청수선+1	18750 		15	35	0.0208	청수선+1	19231 		15 	35 	0.024	청수선+1	16667 		15	35	0.032	청수선+1	12500 
	15	35	0.010666667	청수선+2	37500 		15	35	0.0104	청수선+2	38462 		15 	35 	0.012	청수선+2	33333 		15	35	0.016	청수선+2	25000 
	20	35	0.106666667	절암선+0	3750 		20	35	0.104	절암선+0	3846 		20 	35 	0.12	절암선+0	3333 		20	35	0.16	절암선+0	2500 
	20	35	0.021333333	절암선+1	18750 		20	35	0.0208	절암선+1	19231 		20 	35 	0.024	절암선+1	16667 		20	35	0.032	절암선+1	12500 
	20	35	0.010666667	절암선+2	37500 		20	35	0.0104	절암선+2	38462 		20 	35 	0.012	절암선+2	33333 		20	35	0.016	절암선+2	25000 
	20	35	0.106666667	창해선+0	3750 		20	35	0.104	창해선+0	3846 		20 	35 	0.12	창해선+0	3333 		20	35	0.16	창해선+0	2500 
	20	35	0.021333333	창해선+1	18750 		20	35	0.0208	창해선+1	19231 		20 	35 	0.024	창해선+1	16667 		20	35	0.032	창해선+1	12500 
	20	35	0.010666667	창해선+2	37500 		20	35	0.0104	창해선+2	38462 		20 	35 	0.012	창해선+2	33333 		20	35	0.016	창해선+2	25000 
	20	35	0.08	자린선+0	5000 		20	35	0.078	자린선+0	5128 		20 	35 	0.09	자린선+0	4444 		20	35	0.12	자린선+0	3333 
	20	35	0.016	자린선+1	25000 		20	35	0.0156	자린선+1	25641 		20 	35 	0.018	자린선+1	22222 		20	35	0.024	자린선+1	16667 
	20	35	0.008	자린선+2	50000 		20	35	0.0078	자린선+2	51282 		20 	35 	0.009	자린선+2	44444 		20	35	0.012	자린선+2	33333 
중급무사갑옷	15	40	0.0512	사자갑+0	7813 	중급무사갑옷	15	40	0.096	사자갑+0	4167 	중급무사갑옷	15 	40 	0.1248	사자갑+0	3205 	중급무사갑옷	15	40	0.192	사자갑+0	2083 
	15	40	0.008533333	사자갑+1	46875 		15	40	0.016	사자갑+1	25000 		15 	40 	0.0208	사자갑+1	19231 		15	40	0.032	사자갑+1	12500 
	15	40	0.00512	사자갑+2	78125 		15	40	0.0096	사자갑+2	41667 		15 	40 	0.01248	사자갑+2	32051 		15	40	0.0192	사자갑+2	20833 
	20	40	0.0512	자인갑+0	7813 		20	40	0.096	자인갑+0	4167 		20 	40 	0.1248	자인갑+0	3205 		20	40	0.192	자인갑+0	2083 
	20	40	0.008533333	자인갑+1	46875 		20	40	0.016	자인갑+1	25000 		20 	40 	0.0208	자인갑+1	19231 		20	40	0.032	자인갑+1	12500 
	20	40	0.00512	자인갑+2	78125 		20	40	0.0096	자인갑+2	41667 		20 	40 	0.01248	자인갑+2	32051 		20	40	0.0192	자인갑+2	20833 
	20	40	0.0128	모룡갑+0	31250 		20	40	0.024	모룡갑+0	16667 		20 	40 	0.0312	모룡갑+0	12821 		20	40	0.048	모룡갑+0	8333 
	20	40	0.00256	모룡갑+1	156250 		20	40	0.0048	모룡갑+1	83333 		20 	40 	0.00624	모룡갑+1	64103 		20	40	0.0096	모룡갑+1	41667 
	20	40	0.00128	모룡갑+2	312500 		20	40	0.0024	모룡갑+2	166667 		20 	40 	0.00312	모룡갑+2	128205 		20	40	0.0048	모룡갑+2	83333 
중급자객갑옷	15	40	0.0512	비영+0	7813 	중급자객갑옷	15	40	0.096	비영+0	4167 	중급자객갑옷	15 	40 	0.1248	비영+0	3205 	중급자객갑옷	15	40	0.192	비영+0	2083 
	15	40	0.008533333	비영+1	46875 		15	40	0.016	비영+1	25000 		15 	40 	0.0208	비영+1	19231 		15	40	0.032	비영+1	12500 
	15	40	0.00512	비영+2	78125 		15	40	0.0096	비영+2	41667 		15 	40 	0.01248	비영+2	32051 		15	40	0.0192	비영+2	20833 
	20	40	0.0512	영린+0	7813 		20	40	0.096	영린+0	4167 		20 	40 	0.1248	영린+0	3205 		20	40	0.192	영린+0	2083 
	20	40	0.008533333	영린+1	46875 		20	40	0.016	영린+1	25000 		20 	40 	0.0208	영린+1	19231 		20	40	0.032	영린+1	12500 
	20	40	0.00512	영린+2	78125 		20	40	0.0096	영린+2	41667 		20 	40 	0.01248	영린+2	32051 		20	40	0.0192	영린+2	20833 
	20	40	0.0128	적살+0	31250 		20	40	0.024	적살+0	16667 		20 	40 	0.0312	적살+0	12821 		20	40	0.048	적살+0	8333 
	20	40	0.00256	적살+1	156250 		20	40	0.0048	적살+1	83333 		20 	40 	0.00624	적살+1	64103 		20	40	0.0096	적살+1	41667 
	20	40	0.00128	적살+2	312500 		20	40	0.0024	적살+2	166667 		20 	40 	0.00312	적살+2	128205 		20	40	0.0048	적살+2	83333 
중급수라갑옷	15	40	0.0512	사령갑+0	7813 	중급수라갑옷	15	40	0.096	사령갑+0	4167 	중급수라갑옷	15 	40 	0.1248	사령갑+0	3205 	중급수라갑옷	15	40	0.192	사령갑+0	2083 
	15	40	0.008533333	사령갑+1	46875 		15	40	0.016	사령갑+1	25000 		15 	40 	0.0208	사령갑+1	19231 		15	40	0.032	사령갑+1	12500 
	15	40	0.00512	사령갑+2	78125 		15	40	0.0096	사령갑+2	41667 		15 	40 	0.01248	사령갑+2	32051 		15	40	0.0192	사령갑+2	20833 
	20	40	0.0512	음양갑+0	7813 		20	40	0.096	음양갑+0	4167 		20 	40 	0.1248	음양갑+0	3205 		20	40	0.192	음양갑+0	2083 
	20	40	0.008533333	음양갑+1	46875 		20	40	0.016	음양갑+1	25000 		20 	40 	0.0208	음양갑+1	19231 		20	40	0.032	음양갑+1	12500 
	20	40	0.00512	음양갑+2	78125 		20	40	0.0096	음양갑+2	41667 		20 	40 	0.01248	음양갑+2	32051 		20	40	0.0192	음양갑+2	20833 
	20	40	0.0128	흑비갑+0	31250 		20	40	0.024	흑비갑+0	16667 		20 	40 	0.0312	흑비갑+0	12821 		20	40	0.048	흑비갑+0	8333 
	20	40	0.00256	흑비갑+1	156250 		20	40	0.0048	흑비갑+1	83333 		20 	40 	0.00624	흑비갑+1	64103 		20	40	0.0096	흑비갑+1	41667 
	20	40	0.00128	흑비갑+2	312500 		20	40	0.0024	흑비갑+2	166667 		20 	40 	0.00312	흑비갑+2	128205 		20	40	0.0048	흑비갑+2	83333 
중급무당갑옷	15	40	0.0512	미염의+0	7813 	중급무당갑옷	15	40	0.096	미염의+0	4167 	중급무당갑옷	15 	40 	0.1248	미염의+0	3205 	중급무당갑옷	15	40	0.192	미염의+0	2083 
	15	40	0.008533333	미염의+1	46875 		15	40	0.016	미염의+1	25000 		15 	40 	0.0208	미염의+1	19231 		15	40	0.032	미염의+1	12500 
	15	40	0.00512	미염의+2	78125 		15	40	0.0096	미염의+2	41667 		15 	40 	0.01248	미염의+2	32051 		15	40	0.0192	미염의+2	20833 
	20	40	0.0512	서천의+0	7813 		20	40	0.096	서천의+0	4167 		20 	40 	0.1248	서천의+0	3205 		20	40	0.192	서천의+0	2083 
	20	40	0.008533333	서천의+1	46875 		20	40	0.016	서천의+1	25000 		20 	40 	0.0208	서천의+1	19231 		20	40	0.032	서천의+1	12500 
	20	40	0.00512	서천의+2	78125 		20	40	0.0096	서천의+2	41667 		20 	40 	0.01248	서천의+2	32051 		20	40	0.0192	서천의+2	20833 
	20	40	0.0128	일선의+0	31250 		20	40	0.024	일선의+0	16667 		20 	40 	0.0312	일선의+0	12821 		20	40	0.048	일선의+0	8333 
	20	40	0.00256	일선의+1	156250 		20	40	0.0048	일선의+1	83333 		20 	40 	0.00624	일선의+1	64103 		20	40	0.0096	일선의+1	41667 
	20	40	0.00128	일선의+2	312500 		20	40	0.0024	일선의+2	166667 		20 	40 	0.00312	일선의+2	128205 		20	40	0.0048	일선의+2	83333 
중급팔찌	15	40	0.00192	옥팔찌+0	208333 	중급팔찌	15	40	0.0024	옥팔찌+0	166667 	중급팔찌	15 	40 	0.00234	옥팔찌+0	170940 	중급팔찌	15	40	0.0036	옥팔찌+0	111111 
	15	40	0.000384	옥팔찌+1	1041667 		15	40	0.00048	옥팔찌+1	833333 		15 	40 	0.000468	옥팔찌+1	854701 		15	40	0.00072	옥팔찌+1	555556 
	15	40	0.000128	옥팔찌+2	3125000 		15	40	0.00016	옥팔찌+2	2500000 		15 	40 	0.000156	옥팔찌+2	2564103 		15	40	0.00024	옥팔찌+2	1666667 
	15	40	0.00192	흑단팔찌+0	208333 		15	40	0.0024	흑단팔찌+0	166667 		15 	40 	0.00234	흑단팔찌+0	170940 		15	40	0.0036	흑단팔찌+0	111111 
	15	40	0.000384	흑단팔찌+1	1041667 		15	40	0.00048	흑단팔찌+1	833333 		15 	40 	0.000468	흑단팔찌+1	854701 		15	40	0.00072	흑단팔찌+1	555556 
	15	40	0.000128	흑단팔찌+2	3125000 		15	40	0.00016	흑단팔찌+2	2500000 		15 	40 	0.000156	흑단팔찌+2	2564103 		15	40	0.00024	흑단팔찌+2	1666667 
	20	40	0.000192	진주팔찌+0	2083333 		20	40	0.00024	진주팔찌+0	1666667 		20 	40 	0.000234	진주팔찌+0	1709402 		20	40	0.00036	진주팔찌+0	1111111 
	20	50	0.0000384	진주팔찌+1	10416667 		20	50	0.000048	진주팔찌+1	8333333 		20 	50 	0.0000468	진주팔찌+1	8547009 		20	50	0.000072	진주팔찌+1	5555556 
	20	50	0.0000128	진주팔찌+2	31250000 		20	50	0.000016	진주팔찌+2	25000000 		20 	50 	0.0000156	진주팔찌+2	25641026 		20	50	0.000024	진주팔찌+2	16666667 
	20	50	0.000192	백금팔찌+0	2083333 		20	50	0.00024	백금팔찌+0	1666667 		20 	50 	0.000234	백금팔찌+0	1709402 		20	50	0.00036	백금팔찌+0	1111111 
	20	50	0.0000384	백금팔찌+1	10416667 		20	50	0.000048	백금팔찌+1	8333333 		20 	50 	0.0000468	백금팔찌+1	8547009 		20	50	0.000072	백금팔찌+1	5555556 
	20	50	0.0000128	백금팔찌+2	31250000 		20	50	0.000016	백금팔찌+2	25000000 		20 	50 	0.0000156	백금팔찌+2	25641026 		20	50	0.000024	백금팔찌+2	16666667 
중급신발	15	40	0.0192	가죽전화+0	20833 	중급신발	15	40	0.024	가죽전화+0	16667 	중급신발	15 	40 	0.0234	가죽전화+0	17094 	중급신발	15	40	0.036	가죽전화+0	11111 
	15	40	0.00384	가죽전화+1	104167 		15	40	0.0048	가죽전화+1	83333 		15 	40 	0.00468	가죽전화+1	85470 		15	40	0.0072	가죽전화+1	55556 
	15	40	0.00128	가죽전화+2	312500 		15	40	0.0016	가죽전화+2	250000 		15 	40 	0.00156	가죽전화+2	256410 		15	40	0.0024	가죽전화+2	166667 
	15	40	0.0192	금편신발+0	20833 		15	40	0.024	금편신발+0	16667 		15 	40 	0.0234	금편신발+0	17094 		15	40	0.036	금편신발+0	11111 
	15	40	0.00384	금편신발+1	104167 		15	40	0.0048	금편신발+1	83333 		15 	40 	0.00468	금편신발+1	85470 		15	40	0.0072	금편신발+1	55556 
	15	40	0.00128	금편신발+2	312500 		15	40	0.0016	금편신발+2	250000 		15 	40 	0.00156	금편신발+2	256410 		15	40	0.0024	금편신발+2	166667 
	20	40	0.0128	청동전화+0	31250 		20	40	0.016	청동전화+0	25000 		20 	40 	0.0156	청동전화+0	25641 		20	40	0.024	청동전화+0	16667 
	20	50	0.00256	청동전화+1	156250 		20	50	0.0032	청동전화+1	125000 		20 	50 	0.00312	청동전화+1	128205 		20	50	0.0048	청동전화+1	83333 
	20	50	0.00128	청동전화+2	312500 		20	50	0.0016	청동전화+2	250000 		20 	50 	0.00156	청동전화+2	256410 		20	50	0.0024	청동전화+2	166667 
	20	50	0.0128	옥루신발+0	31250 		20	50	0.016	옥루신발+0	25000 		20 	50 	0.0156	옥루신발+0	25641 		20	50	0.024	옥루신발+0	16667 
	20	50	0.00256	옥루신발+1	156250 		20	50	0.0032	옥루신발+1	125000 		20 	50 	0.00312	옥루신발+1	128205 		20	50	0.0048	옥루신발+1	83333 
	20	50	0.00128	옥루신발+2	312500 		20	50	0.0016	옥루신발+2	250000 		20 	50 	0.00156	옥루신발+2	256410 		20	50	0.0024	옥루신발+2	166667 
중급귀걸이	15	40	0.0192	옥귀걸이+0	20833 	중급귀걸이	15	40	0.024	옥귀걸이+0	16667 	중급목걸이	15 	40 	0.0234	옥귀걸이+0	17094 	중급목걸이	15	40	0.036	옥귀걸이+0	11111 
	15	40	0.00384	옥귀걸이+1	104167 		15	40	0.0048	옥귀걸이+1	83333 		15 	40 	0.00468	옥귀걸이+1	85470 		15	40	0.0072	옥귀걸이+1	55556 
	15	40	0.00128	옥귀걸이+2	312500 		15	40	0.0016	옥귀걸이+2	250000 		15 	40 	0.00156	옥귀걸이+2	256410 		15	40	0.0024	옥귀걸이+2	166667 
	15	40	0.0192	흑단귀걸이+0	20833 		15	40	0.024	흑단귀걸이+0	16667 		15 	40 	0.0234	흑단귀걸이+0	17094 		15	40	0.036	흑단귀걸이+0	11111 
	15	40	0.00384	흑단귀걸이+1	104167 		15	40	0.0048	흑단귀걸이+1	83333 		15 	40 	0.00468	흑단귀걸이+1	85470 		15	40	0.0072	흑단귀걸이+1	55556 
	15	40	0.00128	흑단귀걸이+2	312500 		15	40	0.0016	흑단귀걸이+2	250000 		15 	40 	0.00156	흑단귀걸이+2	256410 		15	40	0.0024	흑단귀걸이+2	166667 
	20	40	0.0128	진주귀걸이+0	31250 		20	40	0.016	진주귀걸이+0	25000 		20 	40 	0.0156	진주귀걸이+0	25641 		20	40	0.024	진주귀걸이+0	16667 
	20	50	0.00256	진주귀걸이+1	156250 		20	50	0.0032	진주귀걸이+1	125000 		20 	50 	0.00312	진주귀걸이+1	128205 		20	50	0.0048	진주귀걸이+1	83333 
	20	50	0.00128	진주귀걸이+2	312500 		20	50	0.0016	진주귀걸이+2	250000 		20 	50 	0.00156	진주귀걸이+2	256410 		20	50	0.0024	진주귀걸이+2	166667 
	20	50	0.0128	백금귀걸이+0	31250 		20	50	0.016	백금귀걸이+0	25000 		20 	50 	0.0156	백금귀걸이+0	25641 		20	50	0.024	백금귀걸이+0	16667 
	20	50	0.00256	백금귀걸이+1	156250 		20	50	0.0032	백금귀걸이+1	125000 		20 	50 	0.00312	백금귀걸이+1	128205 		20	50	0.0048	백금귀걸이+1	83333 
	20	50	0.00128	백금귀걸이+2	312500 		20	50	0.0016	백금귀걸이+2	250000 		20 	50 	0.00156	백금귀걸이+2	256410 		20	50	0.0024	백금귀걸이+2	166667 
중급목걸이	15	40	0.0192	옥목걸이+0	20833 	중급목걸이	15	40	0.024	옥목걸이+0	16667 	중급목걸이	15 	40 	0.0234	옥목걸이+0	17094 	중급목걸이	15	40	0.036	옥목걸이+0	11111 
	15	40	0.00384	옥목걸이+1	104167 		15	40	0.0048	옥목걸이+1	83333 		15 	40 	0.00468	옥목걸이+1	85470 		15	40	0.0072	옥목걸이+1	55556 
	15	40	0.00128	옥목걸이+2	312500 		15	40	0.0016	옥목걸이+2	250000 		15 	40 	0.00156	옥목걸이+2	256410 		15	40	0.0024	옥목걸이+2	166667 
	15	40	0.0192	흑단목걸이+0	20833 		15	40	0.024	흑단목걸이+0	16667 		15 	40 	0.0234	흑단목걸이+0	17094 		15	40	0.036	흑단목걸이+0	11111 
	15	40	0.00384	흑단목걸이+1	104167 		15	40	0.0048	흑단목걸이+1	83333 		15 	40 	0.00468	흑단목걸이+1	85470 		15	40	0.0072	흑단목걸이+1	55556 
	15	40	0.00128	흑단목걸이+2	312500 		15	40	0.0016	흑단목걸이+2	250000 		15 	40 	0.00156	흑단목걸이+2	256410 		15	40	0.0024	흑단목걸이+2	166667 
	20	40	0.0128	진주목걸이+0	31250 		20	40	0.016	진주목걸이+0	25000 		20 	40 	0.0156	진주목걸이+0	25641 		20	40	0.024	진주목걸이+0	16667 
	20	50	0.00256	진주목걸이+1	156250 		20	50	0.0032	진주목걸이+1	125000 		20 	50 	0.00312	진주목걸이+1	128205 		20	50	0.0048	진주목걸이+1	83333 
	20	50	0.00128	진주목걸이+2	312500 		20	50	0.0016	진주목걸이+2	250000 		20 	50 	0.00156	진주목걸이+2	256410 		20	50	0.0024	진주목걸이+2	166667 
	20	50	0.0128	백금목걸이+0	31250 		20	50	0.016	백금목걸이+0	25000 		20 	50 	0.0156	백금목걸이+0	25641 		20	50	0.024	백금목걸이+0	16667 
	20	50	0.00256	백금목걸이+1	156250 		20	50	0.0032	백금목걸이+1	125000 		20 	50 	0.00312	백금목걸이+1	128205 		20	50	0.0048	백금목걸이+1	83333 
	20	50	0.00128	백금목걸이+2	312500 		20	50	0.0016	백금목걸이+2	250000 		20 	50 	0.00156	백금목걸이+2	256410 		20	50	0.0024	백금목걸이+2	166667 
						고급한손검	45	99	0.025	혈검+0	16000 	고급한손검	45 	70 	0.05	혈검+0	8000 	고급한손검	40	99	0.125	혈검+0	3200 
	1	21	0.010666667	가죽두건+3	37500 		45	99	0.005	혈검+1	80000 		45 	70	0.01	혈검+1	40000 		40	99	0.025	혈검+1	16000 
	1	21	0.010666667	적혈투구+3	37500 		45	99	0.00125	혈검+2	320000 		45 	70	0.0025	혈검+2	160000 		40	99	0.00625	혈검+2	64000 
	1	21	0.010666667	법모+3	37500 		45	70	0.025	묵검+0	16000 		45 	70 	0.05	묵검+0	8000 		40	99	0.125	묵검+0	3200 
물약	1	20	2	빨간물약(소)	200 		45	70	0.005	묵검+2	80000 		45 	70	0.01	묵검+2	40000 		40	99	0.025	묵검+2	16000 
	20	40	1.5	빨간물약(중)	267 		45	70	0.00125	묵검+3	320000 		45 	70	0.0025	묵검+3	160000 		40	99	0.00625	묵검+3	64000 
	35	89	1	빨간물약(대)	400 		50	70	0.025	비선검+0	16000 		50 	75 	0.05	비선검+0	8000 		45	70	0.125	비선검+0	3200 
	1	18	4	빨간물약(소)	100 		50	70	0.005	비선검+1	80000 		50 	75 	0.01	비선검+1	40000 		45	70	0.025	비선검+1	16000 
	1	18	2	빨간물약(중)	200 		50	70	0.00125	비선검+2	320000 		50 	75 	0.0025	비선검+2	160000 		45	70	0.00625	비선검+2	64000 
	1	18	1	빨간물약(대)	400 		50	70	0.00625	반월도+0	64000 		50 	75 	0.0125	반월도+0	32000 		45	70	0.03125	반월도+0	12800 
	1	40	1	파란물약(소)	400 		50	70	0.0025	반월도+1	160000 		50 	75	0.005	반월도+1	80000 		45	70	0.0125	반월도+1	32000 
	1	89	0.4	파란물약(중)	1000 		50	70	0.00125	반월도+2	320000 		50 	75 	0.0025	반월도+2	160000 		45	70	0.00625	반월도+2	64000 
	1	89	0.2	파란물약(대)	2000 	고급두손검	45	99	0.025	마정도+0	16000 	고급두손검	45 	70 	0.05	마정도+0	8000 	고급두손검	40	99	0.125	마정도+0	3200 
퀘스트 스크롤	10	25	0.01	50318	40000 		45	70	0.005	마정도+1	80000 		45 	70	0.01	마정도+1	40000 		40	70	0.025	마정도+1	16000 
	26	40	0.01	50319	80000 		45	70	0.00125	마정도+2	320000 		45 	70 	0.0025	마정도+2	160000 		40	70	0.00625	마정도+2	64000 
	41	55	0.01	50320	80000 		45	70	0.025	혈마검+0	16000 		45 	70 	0.05	혈마검+0	8000 		40	70	0.125	혈마검+0	3200 
	56	80	0.01	50321	80000 		45	70	0.005	혈마검+1	80000 		45 	70	0.01	혈마검+1	40000 		40	70	0.025	혈마검+1	16000 
특수아이템 	1	99	0.001	축복의 서	2000000 		45	70	0.00125	혈마검+2	320000 		45 	70 	0.0025	혈마검+2	160000 		40	99	0.00625	혈마검+2	64000 
	1	99	0.0004	선두	1000000 		50	75	0.025	무극검+0	16000 		50 	75 	0.05	무극검+0	8000 		45	70	0.125	무극검+0	3200 
언어수련	10	99	0.004	신수 어법	100000 		50	75	0.005	무극검+1	80000 		50 	75 	0.01	무극검+1	40000 		45	99	0.025	무극검+1	16000 
	10	99	0.004	천조 어법	100000 		50	75	0.00125	무극검+2	320000 		50 	75 	0.0025	무극검+2	160000 		45	70	0.00625	무극검+2	64000 
	10	99	0.004	진노 어법	100000 		50	75	0.00625	봉마검+0	64000 		50 	75 	0.0125	봉마검+0	32000 		45	70	0.03125	봉마검+0	12800 
보조스킬책	1	99	0.004	손자병법서	100000 		50	75	0.0025	봉마검+1	160000 		50 	75 	0.005	봉마검+1	80000 		45	99	0.0125	봉마검+1	32000 
	1	99	0.004	오자병법서	100000 		50	75	0.00125	봉마검+2	320000 		50 	57	0.0025	봉마검+2	160000 		45	70	0.00625	봉마검+2	64000 
	1	99	0.004	위료자	100000 	고급양손검	45	70	0.025	빙검+0	16000 	고급양손검	45 	70 	0.05	빙검+0	8000 	고급양손검	40	70	0.125	빙검+0	3200 
	1	99	0.001	기효신서	200000 		45	70	0.005	빙검+1	80000 		45 	70 	0.01	빙검+1	40000 		40	99	0.025	빙검+1	16000 
	1	99	0.001	연병실기	200000 		45	70	0.00125	빙검+2	320000 		45 	70 	0.0025	빙검+2	160000 		40	99	0.00625	빙검+2	64000 
	1	99	0.001	무비지	200000 		45	70	0.025	십이지검+0	16000 		45 	70 	0.05	십이지검+0	8000 		40	99	0.125	십이지검+0	3200 
기타 아이템	40	99	0	승마권	0 		45	70	0.005	십이지검+1	80000 		45 	70 	0.01	십이지검+1	40000 		40	70	0.025	십이지검+1	16000 
	30	99	0.01	금장보물상자	40000 		45	70	0.00125	십이지검+2	320000 		45 	70 	0.0025	십이지검+2	160000 		40	70	0.00625	십이지검+2	64000 
	30	99	0.01	금장보물상자+	40000		30	99	0.01	금장보물상자+	40000		30	99	0.01	금장보물상자+	40000		30	99	0.01	금장보물상자+	40000 
	1	65	0.015	은장보물상자	26667 		50	70	0.025	제세검+0	16000 		50 	70 	0.05	제세검+0	8000 		45	70	0.125	제세검+0	3200 
	1	65	0.015	은장보물상자+	26667		1	65	0.015	은장보물상자+	26667		1	65	0.015	은장보물상자+	26667		1	65	0.015	은장보물상자+	2667 
말사료	25	65	0.4	건초	1000 		50	75	0.005	제세검+1	80000 		50 	75 	0.01	제세검+1	40000 		45	70	0.025	제세검+1	16000 
	35	75	0.2	당근	2000 		50	75	0.00125	제세검+2	320000 		50 	75 	0.0025	제세검+2	160000 		45	70	0.00625	제세검+2	64000 
	50	99	0.1	홍삼	4000 		50	75	0.00625	사자융+0	64000 		50 	75 	0.0125	사자융+0	32000 		45	70	0.03125	사자융+0	12800 
	25	99	0.01	50061 	50000 		50	75	0.0025	사자융+1	160000 		50 	75 	0.005	사자융+1	80000 		45	70	0.0125	사자융+1	32000 
이속물약	10	40	0.2	27104	2000		50	70	0.00125	사자융+2	320000 		50 	75 	0.0025	사자융+2	160000 		45	70	0.00625	사자융+2	64000 
	40	99	0.1	27105	4000	고급활	45	70	0.025	천엽궁+0	16000 	고급활	45 	70 	0.05	천엽궁+0	8000 	고급활	40	70	0.125	천엽궁+0	3200 
채굴수련서	30	99	0.004	50600	100000 		45	70	0.005	천엽궁+1	80000 		45 	70 	0.01	천엽궁+1	40000 		40	70	0.025	천엽궁+1	16000 
변신관련	10	99	0.05	70104 	10000 		45	70	0.00125	천엽궁+2	320000 		45 	70 	0.0025	천엽궁+2	160000 		40	70	0.00625	천엽궁+2	64000 
	20	99	0.04	70105	50000 		45	70	0.025	소마궁+0	16000 		45 	70 	0.05	소마궁+0	8000 		40	70	0.125	소마궁+0	3200 
	30	99	0.03	70106	80000 		45	70	0.005	소마궁+1	80000 		45 	70 	0.01	소마궁+1	40000 		40	70	0.025	소마궁+1	16000 
	50	99	0.02	70107	100000 		45	70	0.00125	소마궁+2	320000 		45 	70 	0.0025	소마궁+2	160000 		40	70	0.00625	소마궁+2	64000 
귀환부시리즈	1	49	0.2	27110	2000 		50	75	0.025	천마궁+0	16000 		50 	75 	0.05	천마궁+0	8000 		45	70	0.125	천마궁+0	3200 
	50	99	0.05	27111	2000 		50	75	0.005	천마궁+1	80000 		50 	75 	0.01	천마궁+1	40000 		45	70	0.025	천마궁+1	16000 
	1	99	0.1	귀환부	2000 		50	75	0.00125	천마궁+2	320000 		50 	75 	0.0025	천마궁+2	160000 		45	70	0.00625	천마궁+2	64000 
	1	99	0.2	귀환기억부	2000 		50	75	0.00625	사일대궁+0	64000 		50 	75 	0.0125	사일대궁+0	32000 		45	70	0.03125	사일대궁+0	12800 
PolyBooks	20	99	0.002	둔갑술서	40000		50	75	0.0025	사일대궁+1	160000 		50 	75 	0.005	사일대궁+1	80000 		45	70	0.0125	사일대궁+1	32000 
	30	99	0.005	둔갑기술서	40000		50	75	0.00125	사일대궁+2	320000 		50 	75 	0.0025	사일대궁+2	160000 		45	70	0.00625	사일대궁+2	64000 
	50	99	0.005	기문둔갑술서	40000	고급 방울	45	70	0.025	퇴혼령+0	16000 	고급 방울	45 	7 	0.05	퇴혼령+0	8000 	고급 방울	40	99	0.125	퇴혼령+0	3200 
							45	70	0.005	퇴혼령+1	80000 		45 	70 	0.01	퇴혼령+1	40000 		40	70	0.025	퇴혼령+1	16000 
							45	70	0.00125	퇴혼령+2	320000 		45 	70 	0.0025	퇴혼령+2	160000 		40	70	0.00625	퇴혼령+2	64000 
							50	70	0.025	금사령+0	16000 		50 	70 	0.05	금사령+0	8000 		40	70	0.125	금사령+0	3200 
							50	70	0.005	금사령+1	80000 		50 	70 	0.01	금사령+1	40000 		40	70	0.025	금사령+1	16000 
							50	70	0.00125	금사령+2	320000 		50 	70 	0.0025	금사령+2	160000 		40	70	0.00625	금사령+2	64000 
							50	70	0.025	철사령+0	16000 		50 	70 	0.05	철사령+0	8000 		45	70	0.125	철사령+0	3200 
							50	70	0.005	철사령+1	80000 		50 	70 	0.01	철사령+1	40000 		45	70	0.025	철사령+1	16000 
							50	70	0.00125	철사령+2	320000 		50 	70 	0.0025	철사령+2	160000 		45	70	0.00625	철사령+2	64000 
						고급팔찌	45	70	0.00009	수정팔찌+0	4444444 	고급팔찌	45 	70 	0.00018	수정팔찌+0	2222222 	고급팔찌	40	65	0.00045	수정팔찌+0	888889 
							45	70	0.000018	수정팔찌+1	22222222 		45 	70 	0.000036	수정팔찌+1	11111111 		40	65	0.00009	수정팔찌+1	4444444 
							45	70	0.000006	수정팔찌+2	66666667 		45 	70 	0.000012	수정팔찌+2	33333333 		40	65	0.00003	수정팔찌+2	13333333 
							45	70	0.00009	자수정팔찌+0	4444444 		45 	70 	0.00018	자수정팔찌+0	2222222 		45	70	0.00045	자수정팔찌+0	888889 
							45	70	0.000018	자수정팔찌+1	22222222 		45 	70 	0.000036	자수정팔찌+1	11111111 		45	70	0.00009	자수정팔찌+1	4444444 
							45	70	0.000006	자수정팔찌+2	66666667 		45 	70 	0.000012	자수정팔찌+2	33333333 		45	70	0.00003	자수정팔찌+2	13333333 
							50	70	0.00009	천루팔찌+0	4444444 		50 	75 	0.00018	천루팔찌+0	2222222 		50	75	0.00045	천루팔찌+0	888889 
							50	70	0.000018	천루팔찌+1	22222222 		50 	75 	0.000036	천루팔찌+1	11111111 		50	75	0.00009	천루팔찌+1	4444444 
							50	70	0.000006	천루팔찌+2	66666667 		50 	75 	0.000012	천루팔찌+2	33333333 		50	75	0.00003	천루팔찌+2	13333333 
						고급신발	45	70	0.0045	삼매신발+0	88889 	고급신발	45 	70 	0.009	삼매신발+0	44444 	고급신발	40	65	0.0225	삼매신발+0	17778 
							45	70	0.0009	삼매신발+1	444444 		45 	70 	0.0018	삼매신발+1	222222 		40	65	0.0045	삼매신발+1	88889 
							45	70	0.0003	삼매신발+2	1333333 		45 	70 	0.0006	삼매신발+2	666667 		40	65	0.0015	삼매신발+2	266667 
							45	70	0.0045	운답전화+0	88889 		45 	70 	0.009	운답전화+0	44444 		45	70	0.0225	운답전화+0	17778 
							45	70	0.0009	운답전화+1	444444 		45 	70 	0.0018	운답전화+1	222222 		45	70	0.0045	운답전화+1	88889 
							45	70	0.0003	운답전화+2	1333333 		45 	70 	0.0006	운답전화+2	666667 		45	70	0.0015	운답전화+2	266667 
							50	70	0.0015	천붕신발+0	266667 		50 	70 	0.003	천붕신발+0	133333 		45	70	0.0075	천붕신발+0	53333 
							50	70	0.0003	천붕신발+1	1333333 		50 	70 	0.0006	천붕신발+1	666667 		45	70	0.0015	천붕신발+1	266667 
							50	70	0.00015	천붕신발+2	2666667 		50 	70 	0.0003	천붕신발+2	1333333 		45	70	0.00075	천붕신발+2	533333 
							50	70	0.0015	화조신발+0	266667 		50 	70 	0.003	화조신발+0	133333 		50	70	0.0075	화조신발+0	53333 
							50	70	0.0003	화조신발+1	1333333 		50 	70 	0.0006	화조신발+1	666667 		50	70	0.0015	화조신발+1	266667 
							50	70	0.00015	화조신발+2	2666667 		50 	70 	0.0003	화조신발+2	1333333 		50	99	0.00075	화조신발+2	533333 
						고급귀걸이	45	70	0.0045	수정귀걸이+0	88889 	고급귀걸이	45 	70 	0.009	수정귀걸이+0	44444 	고급귀걸이	40	65	0.0225	수정귀걸이+0	17778 
							45	70	0.0009	수정귀걸이+1	444444 		45 	70 	0.0018	수정귀걸이+1	222222 		40	65	0.0045	수정귀걸이+1	88889 
							45	70	0.0003	수정귀걸이+2	1333333 		45 	70 	0.0006	수정귀걸이+2	666667 		40	65	0.0015	수정귀걸이+2	266667 
							45	70	0.0045	자수정귀걸이+0	88889 		45 	70 	0.009	자수정귀걸이+0	44444 		45	70	0.0225	자수정귀걸이+0	17778 
							45	70	0.0009	자수정귀걸이+1	444444 		45 	70 	0.0018	자수정귀걸이+1	222222 		45	70	0.0045	자수정귀걸이+1	88889 
							45	70	0.0003	자수정귀걸이+2	1333333 		45 	70 	0.0006	자수정귀걸이+2	666667 		45	70	0.0015	자수정귀걸이+2	266667 
							50	70	0.0045	천루귀걸이+0	88889 		50 	75 	0.009	천루귀걸이+0	44444 		50	70	0.0225	천루귀걸이+0	17778 
							50	70	0.0009	천루귀걸이+1	444444 		50 	75 	0.0018	천루귀걸이+1	222222 		50	70	0.0045	천루귀걸이+1	88889 
							50	70	0.0003	천루귀걸이+2	1333333 		50 	75 	0.0006	천루귀걸이+2	666667 		50	75	0.0015	천루귀걸이+2	266667 
						고급목걸이	45	70	0.0045	수정목걸이+0	88889 	고급목걸이	45 	70 	0.009	수정목걸이+0	44444 	고급목걸이	40	65	0.0225	수정목걸이+0	17778 
							45	70	0.0009	수정목걸이+1	444444 		45 	70 	0.0018	수정목걸이+1	222222 		40	65	0.0045	수정목걸이+1	88889 
							45	70	0.0003	수정목걸이+2	1333333 		45 	70 	0.0006	수정목걸이+2	666667 		40	65	0.0015	수정목걸이+2	266667 
							45	70	0.0045	자수정목걸이+0	88889 		45 	70 	0.009	자수정목걸이+0	44444 		45	70	0.0225	자수정목걸이+0	17778 
							45	70	0.0009	자수정목걸이+1	444444 		45 	70 	0.0018	자수정목걸이+1	222222 		45	70	0.0045	자수정목걸이+1	88889 
							45	70	0.0003	자수정목걸이+2	1333333 		45 	70 	0.0006	자수정목걸이+2	666667 		45	70	0.0015	자수정목걸이+2	266667 
							50	70	0.0045	천루목걸이+0	88889 		50 	75 	0.009	천루목걸이+0	44444 		50	75	0.0225	천루목걸이+0	17778 
							50	70	0.0009	천루목걸이+1	444444 		50 	75 	0.0018	천루목걸이+1	222222 		50	75	0.0045	천루목걸이+1	88889 
							50	70	0.0003	천루목걸이+2	1333333 		50 	75 	0.0006	천루목걸이+2	666667 		50	75	0.0015	천루목걸이+2	266667 
							15	41	0.004	철편투구	100000 		15 	41 	0.005	철편투구	80000 		15	41	0.0125	철편투구	32000 
							15	41	0.004	연환두건	100000 		15 	41 	0.005	연환두건	80000 		15	41	0.0125	연환두건	32000 
							15	41	0.004	애희투구	100000 		15 	41 	0.005	애희투구	80000 		15	41	0.0125	애희투구	32000 
							15	41	0.004	태을모	100000 		15 	41 	0.005	태을모	80000 		15	41	0.0125	태을모	32000 
						물약	1	20	2	빨간물약(소)	200 		35 	99 	0.004	귀면투구	100000 		35	99	0.01	귀면투구	40000 
							20	40	1.5	빨간물약(중)	267 		35 	99 	0.004	철륜두건	100000 		35	99	0.01	철륜두건	40000 
							35	89	1	빨간물약(대)	400 		35 	99 	0.004	북성투구	100000 		35	99	0.01	북성투구	40000 
							1	18	4	빨간물약(소)	100 		35 	99 	0.004	선광모	100000 		35	99	0.01	선광모	40000 
							1	18	2	빨간물약(중)	200 	물약	1 	20 	2	빨간물약(소)	200 	물약	1	20	2	빨간물약(소)	200 
							1	18	1	빨간물약(대)	400 		20 	40 	1.5	빨간물약(중)	267 		20	40	1.5	빨간물약(중)	267 
							1	40	1.3	파란물약(소)	308 		35 	89 	1	빨간물약(대)	400 		35	89	1	빨간물약(대)	400 
							1	89	0.52	파란물약(중)	769 		1 	18 	3	빨간물약(소)	133 		1	18	4	빨간물약(소)	100 
							1	89	0.26	파란물약(대)	1538 		1 	18 	2.25	빨간물약(중)	178 		1	18	3	빨간물약(중)	133 
						퀘스트 스크롤	10	25	0.01	50318	40000 		1 	18 	1.5	빨간물약(대)	267 		1	18	2	빨간물약(대)	200 
							26	40	0.01	50319	80000 		1 	40 	1.5	파란물약(소)	267 		1	40	2	파란물약(소)	200 
							41	55	0.01	50320	80000 		1 	89 	0.6	파란물약(중)	667 		1	89	0.8	파란물약(중)	500 
							56	80	0.01	50321	80000 		1 	89 	0.3	파란물약(대)	1333 		1	89	0.4	파란물약(대)	1000 
						특수아이템 	1	99	0.002	축복의 서	200000 	퀘스트 스크롤	10 	25 	0.01	50318	10000 	퀘스트 스크롤	10	25	0.1	50318	5000 
							1	99	0.0004	선두	1000000 		26 	40 	0.01	50319	80000 		26	40	0.02	50319	80000 
						언어수련	10	99	0.004	신수 어법	100000 		41 	55 	0.01	50320	80000 		41	55	0.02	50320	80000 
							10	99	0.004	천조 어법	100000 		56 	80 	0.01	50321	80000 		56	80	0.02	50321	80000 
							10	99	0.004	진노 어법	100000 	특수아이템 	1 	99 	0.002	축복의 서	200000 	특수아이템 	1	99	0.005	축복의 서	200000 
						보조스킬책	1	99	0.004	손자병법서	100000 		1 	99 	0.0004	선두	1000000 		1	99	0.0004	선두	1000000 
							1	99	0.004	오자병법서	100000 	언어수련	10 	99 	0.004	신수 어법	100000 	언어수련	10	99	0.004	신수 어법	100000 
							1	99	0.004	위료자	100000 		10 	99 	0.004	천조 어법	100000 		10	99	0.004	천조 어법	100000 
							1	99	0.001	기효신서	200000 		10 	99 	0.004	진노 어법	100000 		10	99	0.004	진노 어법	100000 
							1	99	0.001	연병실기	200000 	보조스킬책	1 	99 	0.004	손자병법서	100000 	보조스킬책	1	99	0.004	손자병법서	100000 
							1	99	0.001	무비지	200000 		1 	99 	0.004	오자병법서	100000 		1	99	0.004	오자병법서	100000 
						기타아이템	40	99	0	승마권	0 		1 	99 	0.004	위료자	100000 		1	99	0.004	위료자	100000 
							30	99	0.01	금장보물상자	40000 		1 	99 	0.001	기효신서	200000 		1	99	0.001	기효신서	200000 
							1	99	0.015	은장보물상자	26667 		1 	99 	0.001	연병실기	200000 		1	99	0.001	연병실기	200000 
						말사료	25	65	0.4	건초	1000 		1 	99 	0.001	무비지	200000 		1	99	0.001	무비지	200000 
							35	75	0.2	당근	2000 	기타아이템	40 	99 	0	승마권	0 	기타아이템	40	99	0	승마권	0 
							50	99	0.1	홍삼	4000 		40 	99 	0.01	흡영서	5000 		40	99	0.01	흡영서	5000 
							25	99	0.01	50061 	50000 		30 	99 	0.01	금장보물상자	40000 		30	99	0.01	금장보물상자	40000 
						이속물약	10	40	0.2	27104	2000		1 	65 	0.015	은장보물상자	26667 		1	65	0.015	은장보물상자	26667 
							40	99	0.1	27105	4000	말사료	25 	65 	0.4	건초	1000 	말사료	25	99	0.4	건초	1000 
						채굴수련서	30	99	0.004	50600	100000 		35 	75 	0.2	당근	2000 		35	75	0.2	당근	2000 
						변신관련	10	99	0.05	70104 	10000 		50 	99 	0.1	홍삼	4000 		50	99	0.1	홍삼	4000 
							20	99	0.04	70105	50000 		25	99	0.01	50061 	50000 		25	99	0.01	50061 	50000 
							30	99	0.03	70106	100000 	이속물약	10	40	0.2	27104	2000	이속물약	10	40	0.2	27104	2000
							50	99	0.02	70107	80000 		40	99	0.1	27105	4000		40	99	0.1	27105	4000
						귀환부시리즈	1	49	0.2	27110	2000 	채굴수련서	30	99	0.004	50600	100000 	채굴수련서	30	99	0.004	50600	100000 
							50	99	0.05	27111	2000 	변신관련	10	99	0.05	70104 	10000 	변신관련	10	99	0.05	70104 	10000 
							1	99	0.1	귀환부	2000 		20	99	0.04	70105	50000 		20	99	0.04	70105	50000 
							1	99	0.2	귀환기억부	2000 		30	99	0.03	70106	80000 		30	99	0.03	70106	80000 
						PolyBooks	20	99	0.02	둔갑술서	40000		50	99	0.02	70107	100000 		50	99	0.02	70107	100000 
							30	99	0.01	둔갑기술서	40000	귀환부시리즈	1	49	0.2	27110	2000 	귀환부시리즈	1	49	0.2	27110	2000 
							50	99	0.01	기문둔갑술서	40000		50	99	0.1	27111	2000 		50	99	0.1	27111	2000 
						Autopots	90	99	0.02	72723	50000		1	99	0.1	귀환부	2000 		1	99	0.1	귀환부	2000 
							90	99	0.02	72727	50000		1	99	0.2	귀환기억부	2000 		1	99	0.2	귀환기억부	2000 
													20	99	0.02	둔갑술서	40000	PolyBooks	20	99	0.02	둔갑술서	40000 
													30	99	0.01	둔갑기술서	40000		30	99	0.01	둔갑기술서	40000 
													50	99	0.01	기문둔갑술서	40000		50	99	0.01	기문둔갑술서	40000 
													90	99	0.05	72723	50000		90	99	0.05	72723	50000
													90	99	0.05	72727	50000		90	99	0.05	72727	50000