Group 두목늑대
{
	type	drop
	mob	103
	1	1012	1	0.2
	2	4012	1	0.2
	3	11402	1	0.2
	4	16022	1	0.2
}
Group 푸른늑대
{
	type	drop
	mob	104
	1	32	1	0.2
	2	15002	1	0.2
	3	2022	1	0.2
	4	16002	1	0.2
}
Group 푸른두목늑대
{
	type	drop
	mob	105
	1	11602	1	0.2
	2	15022	1	0.2
	3	16062	1	0.2
}
Group 회색두목늑대
{
	type	drop
	mob	107
	1	11401	1	0.2
	2	17022	1	0.2
	3	17002	1	0.2
}
Group 붉은멧돼지
{
	type	drop
	mob	109
	1	11802	1	0.2
	2	15042	1	0.2
	3	5012	1	0.2
	4	7032	1	0.2
}
Group 회색곰
{
	type	drop
	mob	111
	1	50721	1	1.0
}
Group 검은곰
{
	type	drop
	mob	112
	1	50723	1	1.0
}
Group 불곰
{
	type	drop
	mob	113
	1	50721	1	1.0
}
Group 대호
{
	type	drop
	mob	115
	1	50723	1	1.0
}
Group 저주받은_두목늑대
{
	type	kill
	mob	131
	kill_drop	250
	1	7160	1	25	10
}
Group 저주받은늑대
{
	type	drop
	mob	131
	1	50722	1	2.0
}
Group 저주받은두목늑대
{
	type	drop
	mob	132
	1	50723	1	1.0
}
Group 저주받은_푸른두목늑대
{
	type	kill
	mob	134
	kill_drop	180
	1	5110	1	25	10
	2	290	1	25	10
}
Group 저주받은_붉은멧돼지
{
	type	kill
	mob	138
	kill_drop	200
	1	1170	1	25	10
}
Group 저주받은곰
{
	type	drop
	mob	139
	1	50724	1	1.0
}
Group 저주받은회색곰
{
	type	drop
	mob	140
	1	50726	1	1.0
}
Group 저주받은_검은곰
{
	type	kill
	mob	141
	kill_drop	250
	1	13192	1	25	20
	2	13193	1	20	20
	3	3210	1	15	10
}
Group 저주받은호랑이
{
	type	drop
	mob	143
	1	50723	1	1.0
}
Group 푸른두목늑대청목
{
	type	drop
	mob	151
	1	1013	1	4.0
	2	4013	1	4.0
	3	11403	1	4.0
	4	16023	1	4.0
	5	1014	1	4.0
	6	4014	1	4.0
	7	11404	1	4.0
	8	16024	1	4.0
}
Group 회색두목늑대무랑
{
	type	drop
	mob	152
	1	33	1	4.0
	2	53	1	4.0
	3	15003	1	4.0
	4	2023	1	4.0
	5	16003	1	4.0
	6	34	1	4.0
	7	54	1	4.0
	8	15004	1	4.0
	9	2024	1	4.0
	10	16004	1	4.0
}
Group 붉은멧돼지적혈
{
	type	drop
	mob	153
	1	11803	1	4.0
	2	12623	1	4.0
	3	15043	1	4.0
	4	5013	1	4.0
	5	7033	1	4.0
	6	11804	1	4.0
	7	12624	1	4.0
	8	15044	1	4.0
	9	5014	1	4.0
	10	7034	1	4.0
}
Group 불곰영지
{
	type	drop
	mob	154
	1	11211	1	12.0
	2	11212	1	8.0
	3	11213	1	4.0
	4	11411	1	12.0
	5	11412	1	8.0
	6	11413	1	4.0
}
Group 대호일안
{
	type	drop
	mob	155
	1	11611	1	12.0
	2	11612	1	8.0
	3	11613	1	4.0
	4	11811	1	12.0
	5	11812	1	8.0
	6	11813	1	4.0
}
Group 산견신
{
	type	drop
	mob	191
	1	71	1	4.0
	2	70	1	8.0
	3	11611	1	4.0
	4	11610	1	8.0
	5	72	1	0.3
	6	11612	1	0.2
	7	15002	1	0.4
	8	16042	1	0.4
	9	27002	30	100.0
	10	27003	20	50.0
	11	27005	20	50.0
	12	27006	10	50.0
	13	30070	1	400.0
}
Group 저신
{
	type	drop
	mob	192
	1	4021	1	4.0
	2	4020	1	8.0
	3	11411	1	4.0
	4	11410	1	8.0
	5	1031	1	0.3
	6	1032	1	0.2
	7	15042	1	0.5
	8	27002	30	100.0
	9	27003	20	50.0
	10	27005	20	50.0
	11	27006	10	50.0
	12	30004	1	400.0
}
Group 웅신
{
	type	drop
	mob	193
	1	7051	1	4.0
	2	7050	1	8.0
	3	11831	1	4.0
	4	11830	1	8.0
	5	7061	1	0.3
	6	7062	1	0.2
	7	15062	1	0.5
	8	17042	1	0.5
	9	27002	30	100.0
	10	27003	20	50.0
	11	27005	20	50.0
	12	27006	10	50.0
	13	30072	1	400.0
}
Group 호신
{
	type	drop
	mob	194
	1	3051	1	4.0
	2	3050	1	8.0
	3	11211	1	4.0
	4	11210	1	8.0
	5	3062	1	0.3
	6	11212	1	0.2
	7	15042	1	0.5
	8	17022	1	0.5
	9	27002	30	100.0
	10	27003	20	50.0
	11	27005	20	50.0
	12	27006	10	50.0
	13	30037	1	400.0
}
Group 백결단원
{
	type	kill
	mob	301
	kill_drop	800
	1	16082	1	25	10
	2	16102	1	20	10
	3	16122	1	15	10
	4	16142	1	10	10
}
Group 백결단원
{
	type	drop
	mob	301
	1	50722	1	2.0
}
Group 백결궁병
{
	type	drop
	mob	302
	1	8001	30	6.0
	2	50724	1	1.0
}
Group 백결장수_이령
{
	type	kill
	mob	304
	kill_drop	350
	1	11232	1	65	10
	2	11233	1	35	10
	3	11432	1	65	10
	4	11433	1	35	10
	5	11632	1	65	10
	6	11633	1	35	10
	7	11832	1	65	10
	8	11833	1	35	10
}
Group 백결단원은주
{
	type	drop
	mob	331
	1	16083	1	4.0
	2	16103	1	4.0
	3	16123	1	4.0
	4	16143	1	4.0
}
Group 백결궁병지영
{
	type	drop
	mob	332
	1	4021	1	4.0
	2	4020	1	4.0
	3	2051	1	4.0
	4	2050	1	4.0
	5	15122	1	4.0
}
Group 백결장수지연
{
	type	drop
	mob	333
	1	3041	1	4.0
	2	3040	1	4.0
	3	2041	1	4.0
	4	2050	1	4.0
	5	15122	1	4.0
}
Group 백결장수인자
{
	type	drop
	mob	334
	1	11234	1	6.0
	2	11233	1	4.0
	3	11434	1	6.0
	4	11433	1	4.0
	5	11634	1	6.0
	6	11633	1	4.0
	7	11834	1	6.0
	8	11833	1	4.0
}
Group 미정
{
	type	drop
	mob	391
	1	61	1	0.2
	2	60	1	0.2
	3	12641	1	0.2
	4	12640	1	0.2
	5	15062	1	0.2
}
Group 은정
{
	type	drop
	mob	392
	1	4021	1	0.2
	2	4020	1	0.2
	3	2051	1	0.2
	4	2050	1	0.2
	5	15122	1	0.01
}
Group 세랑
{
	type	drop
	mob	393
	1	3041	1	4.0
	2	3040	1	8.0
	3	2041	1	4.0
	4	2050	1	8.0
	5	15122	1	0.2
	6	27002	30	100.0
	7	27003	20	50.0
	8	27005	20	50.0
	9	27006	10	50.0
}
Group 진희
{
	type	drop
	mob	394
	1	62	1	4.0
	2	61	1	8.0
	3	92	1	4.0
	4	11222	1	8.0
	5	15062	1	0.2
	6	27002	30	100.0
	7	27003	20	50.0
	8	27005	20	50.0
	9	27006	10	50.0
}
Group 흑풍단원
{
	type	kill
	mob	401
	kill_drop	1000
	1	15082	1	25	10
	2	15102	1	20	10
	3	15122	1	15	10
	4	15142	1	10	10
}
Group 흑풍단원
{
	type	drop
	mob	401
	1	50724	1	1.0
}
Group 흑풍궁수
{
	type	drop
	mob	403
	1	50007	1	0.5
	2	8001	30	2.0
}
Group 흑풍장수_작도
{
	type	kill
	mob	404
	kill_drop	800
	1	5042	1	65	10
	2	5032	1	35	10
	3	12222	1	35	10
	4	12223	1	15	10
	5	12362	1	35	10
	6	12363	1	15	10
	7	12502	1	35	10
	8	12503	1	15	10
	9	12642	1	35	10
	10	12643	1	15	10
}
Group 흑풍장수_도수
{
	type	kill
	mob	405
	kill_drop	500
	1	7072	1	1	10
	2	7052	1	1	10
	3	4022	1	1	10
	4	1042	1	1	10
}
Group 흑풍장수도수
{
	type	drop
	mob	405
	1	50721	1	1.0
}
Group 흑풍장수_구령
{
	type	kill
	mob	406
	kill_drop	300
	1	82	1	65	10
	2	83	1	35	10
}
Group 흑풍단원두봉
{
	type	drop
	mob	431
	1	12222	1	4.0
	2	12223	1	4.0
	3	12362	1	4.0
	4	12363	1	4.0
	5	50009	1	2.0
}
Group 흑풍돌격대상두
{
	type	drop
	mob	432
	1	12502	1	4.0
	2	12503	1	4.0
	3	12642	1	4.0
	4	12643	1	4.0
	5	50009	1	2.0
}
Group 흑풍궁수관규
{
	type	drop
	mob	433
	1	7072	1	4.0
	2	7052	1	4.0
	3	4022	1	4.0
	4	1042	1	4.0
	5	50009	1	2.0
}
Group 흑풍장수세민
{
	type	drop
	mob	434
	1	61	1	4.0
	2	12640	1	4.0
	3	91	1	4.0
	4	15060	1	4.0
	5	50009	1	2.0
}
Group 흑풍장수민호
{
	type	drop
	mob	435
	1	16041	1	4.0
	2	7050	1	4.0
	3	15141	1	4.0
	4	11820	1	4.0
	5	50009	1	2.0
}
Group 흑풍장수윤석
{
	type	drop
	mob	436
	1	71	1	4.0
	2	5040	1	4.0
	3	12501	1	4.0
	4	17100	1	4.0
	5	15102	1	4.0
	6	50009	1	2.0
}
Group 맹환
{
	type	drop
	mob	491
	1	4021	1	4.0
	2	12360	1	8.0
	3	13001	1	4.0
	4	15080	1	8.0
	5	17082	1	0.2
	6	27002	30	100.0
	7	27003	20	50.0
	8	27005	20	50.0
	9	27006	10	50.0
}
Group 보우
{
	type	drop
	mob	492
	1	61	1	4.0
	2	12640	1	8.0
	3	91	1	4.0
	4	15060	1	8.0
	5	27002	30	100.0
	6	27003	20	50.0
	7	27005	20	50.0
	8	27006	10	50.0
}
Group 구패
{
	type	drop
	mob	493
	1	16041	1	4.0
	2	7050	1	8.0
	3	15141	1	4.0
	4	11820	1	8.0
	5	27002	30	100.0
	6	27003	20	50.0
	7	27005	20	50.0
	8	27006	10	50.0
}
Group 추흔
{
	type	drop
	mob	494
	1	71	1	4.0
	2	5040	1	8.0
	3	12501	1	4.0
	4	17100	1	8.0
	5	15102	1	0.2
	6	27002	30	100.0
	7	27003	20	50.0
	8	27005	20	50.0
	9	27006	10	50.0
}
Group 오랑케졸개
{
	type	kill
	mob	502
	kill_drop	2000
	1	17082	1	25	10
	2	17102	1	20	10
	3	17122	1	15	10
	4	17142	1	10	10
}
Group 오랑케졸개
{
	type	drop
	mob	502
	1	50724	1	1.0
}
Group 오랑케궁수
{
	type	kill
	mob	503
	kill_drop	500
	1	2072	1	10	10
	2	290	1	10	10
	3	2150	1	15	10
}
Group 오랑캐궁수
{
	type	drop
	mob	503
	1	50013	1	0.5
	2	8001	50	10.0
	3	50721	1	1.0
}
Group 오랑케장수
{
	type	kill
	mob	504
	kill_drop	400
	1	3072	1	65	10
	2	3073	1	35	10
	3	290	1	40	10
	4	2150	1	20	10
	5	11242	1	35	10
	6	11243	1	15	10
	7	11442	1	35	10
	8	11443	1	15	10
	9	11642	1	35	10
	10	11643	1	15	10
	11	11842	1	35	10
	12	11843	1	15	10
}
Group 오랑케장수
{
	type	drop
	mob	504
	1	50725	1	1.0
}
Group 오랑캐보병비연
{
	type	drop
	mob	531
	1	17083	1	8.0
	2	17103	1	6.0
	3	17123	1	4.0
	4	17143	1	4.0
	5	50008	1	1.0
}
Group 오랑캐졸개강두
{
	type	drop
	mob	532
	1	16083	1	4.0
	2	16103	1	4.0
	3	16123	1	4.0
	4	16143	1	4.0
	5	50008	1	1.0
}
Group 오랑캐궁수상천
{
	type	drop
	mob	533
	1	2073	1	4.0
	2	292	1	4.0
	3	2152	1	4.0
	4	50008	1	1.0
}
Group 오랑캐부단장강천
{
	type	drop
	mob	534
	1	3072	1	8.0
	2	3073	1	4.0
	3	290	1	6.0
	4	2150	1	4.0
	5	11244	1	2.0
	6	11243	1	4.0
	7	11444	1	2.0
	8	11443	1	4.0
	9	11644	1	2.0
	10	11643	1	4.0
	11	11844	1	2.0
	12	11843	1	4.0
	13	50008	1	1.0
}
Group 비류단대장
{
	type	drop
	mob	591
	1	1042	1	0.2
	2	2072	1	0.2
	3	11432	1	0.2
	4	15122	1	0.2
	5	27002	50	100.0
	6	27003	30	50.0
	7	27005	30	50.0
	8	27006	20	50.0
}
Group 진웅귀병둔살라
{
	type	drop
	mob	601
	1	7082	1	8.0
	2	5052	1	8.0
	3	14082	1	4.0
	4	14102	1	4.0
	5	14122	1	4.0
	6	14142	1	4.0
}
Group 진웅귀척후병사실리
{
	type	drop
	mob	602
	1	93	1	8.0
	2	1053	1	8.0
	3	1172	1	8.0
}
Group 진웅귀투병무로도
{
	type	drop
	mob	603
	1	71	1	4.0
	2	5040	1	8.0
	3	12501	1	4.0
	4	17100	1	8.0
	5	15102	1	4.0
}
Group 진웅귀마병두오쿠
{
	type	drop
	mob	604
	1	1042	1	4.0
	2	2072	1	4.0
	3	11422	1	4.0
	4	15122	1	4.0
}
Group 진웅귀병
{
	type	kill
	mob	631
	kill_drop	400
	1	7082	1	20	10
	2	5052	1	10	10
	3	14082	1	25	10
	4	14102	1	20	10
	5	14122	1	15	10
	6	14142	1	10	10
}
Group 진웅귀병
{
	type	drop
	mob	631
	1	50722	1	1.0
}
Group 진웅귀_척후병
{
	type	kill
	mob	632
	kill_drop	600
	1	92	1	10	20
	2	1052	1	10	20
	3	1170	1	10	20
}
Group 진웅귀척후병
{
	type	drop
	mob	632
	1	50726	1	1.0
}
Group 진웅귀_투병
{
	type	kill
	mob	633
	kill_drop	1200
	1	3082	1	10	20
	2	1170	1	10	20
}
Group 진웅귀투병
{
	type	drop
	mob	633
	1	1042	1	0.2
	2	2072	1	0.2
	3	11432	1	0.2
	4	15122	1	0.2
}
Group 진웅귀마병
{
	type	drop
	mob	634
	1	1042	1	0.2
	2	2072	1	0.2
	3	11422	1	0.2
	4	15122	1	0.2
}
Group 진웅귀장군
{
	type	drop
	mob	635
	1	50722	1	1.0
}
Group 흑웅귀
{
	type	kill
	mob	636
	kill_drop	500
	1	7092	1	65	10
	2	7093	1	35	10
}
Group 흥웅귀
{
	type	drop
	mob	636
	1	50721	1	4.0
}
Group 거대_흑웅귀
{
	type	kill
	mob	637
	kill_drop	900
	1	5062	1	65	10
	2	5063	1	35	10
}
Group 웅귀족장
{
	type	kill
	mob	691
	kill_drop	1
	1	50070	1	100	0
}
Group 웅귀족장
{
	type	drop
	mob	691
	1	27002	200	400.0
	2	27003	100	400.0
	3	27005	200	400.0
	4	27006	100	400.0
	5	90010	1	40.0
}
Group ChiefEliteOrc
{
	type	drop
	mob	692
	1	30030	1	70.0
	2	30031	1	70.0
	3	30040	1	70.0
	4	30039	1	70.0
	5	30046	1	70.0
	6	30047	1	70.0
	7	30052	1	70.0
	8	30056	1	70.0
	9	30059	1	70.0
	10	30075	1	70.0
	11	30071	1	70.0
	12	30007	1	70.0
	13	65	1	10.0
	14	66	1	5.0
	15	75	1	10.0
	16	76	1	5.0
	17	85	1	10.0
	18	86	1	5.0
	19	95	1	10.0
	20	96	1	5.0
	21	5035	1	10.0
	22	5036	1	5.0
	23	5045	1	10.0
	24	5046	1	5.0
	25	5055	1	10.0
	26	5056	1	5.0
}
Group 이벤트용웅귀족장
{
	type	drop
	mob	693
	1	50117	1	40.0
	2	182	1	2.0
	3	192	1	2.0
	4	1132	1	2.0
	5	2172	1	2.0
	6	3162	1	2.0
	7	5122	1	2.0
	8	183	1	2.0
	9	193	1	2.0
	10	1133	1	2.0
	11	2173	1	2.0
	12	3163	1	2.0
	13	5123	1	2.0
	14	11293	1	2.0
	15	11294	1	2.0
	16	11693	1	2.0
	17	11694	1	2.0
	18	11493	1	2.0
	19	11494	1	2.0
	20	11893	1	2.0
	21	11894	1	2.0
	22	28630	1	0.2
	23	28631	1	0.2
	24	28632	1	0.2
	25	28633	1	0.2
	26	28634	1	0.2
	27	28635	1	0.2
	28	28636	1	0.2
	29	28637	1	0.2
	30	28638	1	0.2
	31	28639	1	0.2
	32	28640	1	0.2
	33	28641	1	0.2
	34	28642	1	0.2
	35	28643	1	0.2
}
Group 밀교추종자
{
	type	kill
	mob	701
	kill_drop	300
	1	2082	1	35	30
	2	15162	1	32	10
	3	15182	1	16	10
	4	15202	1	12	10
	5	15222	1	8	10
}
Group 밀교나한병
{
	type	kill
	mob	702
	kill_drop	400
	1	11252	1	30	10
	2	11452	1	30	10
	3	11652	1	30	10
	4	11852	1	30	10
	5	11253	1	60	10
	6	11453	1	60	10
	7	11653	1	60	10
	8	11853	1	60	10
	9	3210	1	40	10
}
Group 밀교나한병
{
	type	drop
	mob	702
	1	50725	1	1.0
}
Group 밀교나한투병
{
	type	kill
	mob	703
	kill_drop	250
	1	15163	1	25	10
	2	15183	1	20	10
	3	15203	1	15	10
	4	15223	1	10	10
	5	3210	1	40	10
}
Group 밀교나한투병
{
	type	drop
	mob	703
	1	103	1	0.2
	2	112	1	0.2
	3	1062	1	0.2
	4	11642	1	0.2
	5	16162	1	0.2
	6	50724	1	1.0
}
Group 밀교나한장
{
	type	kill
	mob	704
	kill_drop	500
	1	1062	1	65	10
	2	1063	1	35	10
}
Group 밀교나한장
{
	type	drop
	mob	704
	1	50723	1	2.0
}
Group 밀교집행병
{
	type	drop
	mob	705
	1	50724	1	1.0
}
Group 밀교강박령
{
	type	kill
	mob	706
	kill_drop	100
	1	102	1	65	10
	2	103	1	35	10
	3	12242	1	45	10
	4	12243	1	30	10
	5	12382	1	35	10
	6	12383	1	20	10
	7	12522	1	25	10
	8	12523	1	20	10
	9	12662	1	20	10
	10	12663	1	15	10
}
Group 밀교소환령
{
	type	kill
	mob	707
	kill_drop	40
	1	3092	1	65	10
	2	3093	1	35	10
	3	16162	1	54	30
	4	16163	1	27	30
	5	16182	1	36	30
	6	16183	1	18	30
	7	16202	1	18	30
	8	16203	1	9	30
}
Group 밀교소환령
{
	type	drop
	mob	707
	1	50723	1	1.0
}
Group 진밀교추종자
{
	type	drop
	mob	731
	1	50726	1	2.0
}
Group 진밀교나한투병
{
	type	drop
	mob	733
	1	50725	1	2.0
}
Group 진밀교나한장
{
	type	kill
	mob	734
	kill_drop	700
	1	11260	1	65	20
	2	11261	1	35	20
	3	11460	1	65	20
	4	11461	1	35	20
	5	11660	1	65	20
	6	11661	1	35	20
	7	11860	1	65	20
	8	11861	1	35	20
}
Group 진밀교강박령
{
	type	kill
	mob	736
	kill_drop	300
	1	122	1	65	10
	2	123	1	35	10
}
Group 진밀교강박령
{
	type	drop
	mob	736
	1	50725	1	2.0
}
Group 진밀교소환령
{
	type	kill
	mob	737
	kill_drop	300
	1	3111	1	65	10
	2	3112	1	35	10
}
Group 진밀교소환령
{
	type	drop
	mob	737
	1	50727	1	0.8
}
Group 밀교교주
{
	type	drop
	mob	791
	1	27002	200	400.0
	2	27003	100	400.0
	3	27005	200	400.0
	4	27006	100	400.0
	5	90012	1	50.0
}
Group EsotericLeader
{
	type	kill
	mob	792
	kill_drop	1
	1	50072	1	100	0
}
Group 환생한밀교교주
{
	type	drop
	mob	792
	1	27002	200	400.0
	2	27003	100	400.0
	3	27005	200	400.0
	4	27006	100	400.0
	5	90012	1	200.0
}
Group 이벤트용밀교교주
{
	type	drop
	mob	795
	1	50117	1	40.0
	2	182	1	2.0
	3	192	1	2.0
	4	1132	1	2.0
	5	2172	1	2.0
	6	3162	1	2.0
	7	5122	1	2.0
	8	183	1	2.0
	9	193	1	2.0
	10	1133	1	2.0
	11	2173	1	2.0
	12	3163	1	2.0
	13	5123	1	2.0
	14	11293	1	2.0
	15	11294	1	2.0
	16	11693	1	2.0
	17	11694	1	2.0
	18	11493	1	2.0
	19	11494	1	2.0
	20	11893	1	2.0
	21	11894	1	2.0
	22	28630	1	0.1
	23	28631	1	0.1
	24	28632	1	0.1
	25	28633	1	0.1
	26	28634	1	0.1
	27	28635	1	0.1
	28	28636	1	0.1
	29	28637	1	0.1
	30	28638	1	0.1
	31	28639	1	0.1
	32	28640	1	0.1
	33	28641	1	0.1
	34	28642	1	0.1
	35	28643	1	0.1
}
Group 시귀
{
	type	kill
	mob	901
	kill_drop	500
	1	15162	1	12	30
	2	15182	1	9	30
	3	15202	1	6	30
	4	15222	1	3	30
}
Group 시귀
{
	type	drop
	mob	901
	1	1042	1	0.2
	2	2072	1	0.2
	3	11442	1	0.2
	4	15122	1	0.2
	5	50008	1	0.1
}
Group 괴질감염견
{
	type	kill
	mob	902
	kill_drop	400
	1	17162	1	18	30
	2	17163	1	9	30
	3	17182	1	12	30
	4	17183	1	6	30
	5	17202	1	6	30
	6	17203	1	3	30
}
Group 괴질감염견
{
	type	drop
	mob	902
	1	27110	1	1.0
}
Group 괴질감염자
{
	type	drop
	mob	903
	1	50723	1	1.0
}
Group 괴질감염병
{
	type	kill
	mob	904
	kill_drop	450
	1	132	1	6	10
	2	133	1	3	10
	3	1092	1	6	10
	4	1093	1	3	10
}
Group 괴질감염병
{
	type	drop
	mob	904
	1	27110	1	1.0
}
Group 괴질감염창병
{
	type	kill
	mob	905
	kill_drop	900
	1	2122	1	65	10
	2	2123	1	35	10
}
Group 괴질감염창병
{
	type	drop
	mob	905
	1	27110	1	1.0
	2	50722	1	2.0
}
Group 괴질감염궁수
{
	type	kill
	mob	906
	kill_drop	250
	1	12242	1	6	10
	2	12243	1	3	10
	3	12382	1	6	10
	4	12383	1	3	10
	5	12522	1	6	10
	6	12523	1	3	10
	7	12662	1	6	10
	8	12663	1	3	10
}
Group 괴질감염궁수
{
	type	drop
	mob	906
	1	50006	1	1.0
	2	8004	50	3.0
	3	50723	1	2.0
}
Group 괴질감염대장
{
	type	kill
	mob	907
	kill_drop	200
	1	3122	1	65	10
	2	3123	1	30	10
}
Group 괴질감염대장
{
	type	drop
	mob	907
	1	5062	1	0.2
	2	11652	1	0.2
	3	2092	1	0.2
	4	11452	1	0.2
	5	15122	1	0.2
	6	70049	1	0.1
	7	50728	1	1.0
}
Group GiantPlagueCarrier
{
	type	kill
	mob	993
	kill_drop	1
	1	50075	1	100	0
}
Group GiantPlagueCarrier2
{
	type	drop
	mob	993
	1	50813	10	25.0
	2	50814	10	25.0
	3	50815	10	25.0
	4	50816	10	25.0
	5	50817	10	25.0
	6	50818	10	25.0
}
Group 사귀병
{
	type	drop
	mob	1001
	1	50728	1	1.0
}
Group 사귀궁병
{
	type	kill
	mob	1002
	kill_drop	200
	1	2122	1	35	0
}
Group 사귀궁병
{
	type	drop
	mob	1002
	1	50012	1	0.4
	2	8005	100	20.0
	3	50724	1	1.0
}
Group 사귀창병
{
	type	kill
	mob	1003
	kill_drop	100
	1	1092	1	65	30
	2	1093	1	35	30
	3	14162	1	54	30
	4	14163	1	27	30
	5	14182	1	36	30
	6	14183	1	18	30
	7	14202	1	18	30
	8	14203	1	9	30
}
Group 사귀창병
{
	type	drop
	mob	1003
	1	50721	1	2.0
}
Group 사귀주술사
{
	type	kill
	mob	1004
	kill_drop	50
	1	3122	1	65	10
	2	3123	1	35	10
}
Group VileDemonArcher
{
	type	drop
	mob	1032
	1	50012	1	0.9
	2	8005	100	10.0
}
Group 부활한전귀병
{
	type	kill
	mob	1061
	kill_drop	0
}
Group 부활한전귀병
{
	type	drop
	mob	1061
	1	50724	1	2.0
}
Group 부활한전귀궁병
{
	type	kill
	mob	1062
	kill_drop	0
}
Group 부활한전귀창병
{
	type	kill
	mob	1063
	kill_drop	10000
	1	11270	1	10	20
	2	11470	1	10	20
	3	11670	1	10	20
	4	11870	1	10	20
	5	11271	1	1	20
	6	11471	1	1	20
	7	11671	1	1	20
	8	11871	1	1	20
}
Group 부활한전귀창병
{
	type	drop
	mob	1063
	1	50726	1	2.0
}
Group 부활한전귀주술사
{
	type	kill
	mob	1064
	kill_drop	10000
	1	11272	1	1	20
	2	11472	1	1	20
	3	11672	1	1	20
	4	11872	1	1	20
	5	11271	1	10	20
	6	11471	1	10	20
	7	11671	1	10	20
	8	11871	1	10	20
}
Group 부활한원망의망령
{
	type	kill
	mob	1065
	kill_drop	40000
	1	3140	1	1	10
	2	1110	1	1	10
	3	2130	1	1	10
	4	7140	1	1	10
	5	5100	1	1	10
	6	160	1	1	10
	7	240	1	1	10
	8	150	1	1	10
	9	5090	1	1	10
	10	140	1	1	10
	11	3130	1	1	10
	12	1100	1	1	10
	13	7130	1	1	10
	14	2140	1	1	10
}
Group 부활한원망의망령
{
	type	drop
	mob	1065
	1	50728	1	2.0
}
Group 부활한혼돈의망령
{
	type	kill
	mob	1066
	kill_drop	0
}
Group 부활한혼돈의망령
{
	type	drop
	mob	1066
	1	50724	1	2.0
}
Group 부활한전귀장
{
	type	kill
	mob	1067
	kill_drop	0
}
Group 부활한지마장
{
	type	kill
	mob	1068
	kill_drop	0
}
Group 부활한지마장
{
	type	drop
	mob	1068
	1	50721	1	4.0
}
Group 부활한지마장
{
	type	limit
	mob	1068
	level_limit	75
	1	14004	1	0.08
	2	14024	1	0.08
	3	14044	1	0.08
	4	14064	1	0.08
	5	1110	1	0.08
	6	2130	1	0.08
	7	7140	1	0.08
	8	13120	1	0.01
}
Group 부활한전령사
{
	type	kill
	mob	1069
	kill_drop	0
}
Group 부활한전령사
{
	type	drop
	mob	1069
	1	50725	1	2.0
}
Group 부활한전령사
{
	type	limit
	mob	1069
	level_limit	75
	1	14084	1	0.08
	2	14104	1	0.08
	3	14124	1	0.08
	4	14144	1	0.08
	5	7140	1	0.08
	6	5100	1	0.08
	7	160	1	0.08
	8	13100	1	0.01
}
Group 부활한불사귀
{
	type	kill
	mob	1070
	kill_drop	0
}
Group 부활한불사귀
{
	type	drop
	mob	1070
	1	50727	1	1.0
}
Group 부활한불사귀
{
	type	limit
	mob	1070
	level_limit	75
	1	14084	1	0.08
	2	14104	1	0.08
	3	14124	1	0.08
	4	14144	1	0.08
	5	2130	1	0.08
	6	5100	1	0.08
	7	13080	1	0.01
}
Group 부활한재활괴물
{
	type	kill
	mob	1071
	kill_drop	0
}
Group 부활한재활괴물
{
	type	drop
	mob	1071
	1	50721	1	4.0
}
Group 부활한재활괴물
{
	type	limit
	mob	1071
	level_limit	75
	1	14164	1	0.08
	2	14184	1	0.08
	3	14204	1	0.08
	4	3140	1	0.08
	5	1110	1	0.08
	6	2130	1	0.08
	7	7140	1	0.08
	8	160	1	0.08
	9	240	1	0.08
	10	13060	1	0.01
}
Group 사귀왕
{
	type	drop
	mob	1091
	1	130	1	25.0
	2	1090	1	25.0
	3	2120	1	25.0
	4	7120	1	25.0
	5	5080	1	25.0
	6	131	1	20.0
	7	1091	1	20.0
	8	2121	1	20.0
	9	7121	1	20.0
	10	5081	1	20.0
	11	132	1	15.0
	12	1092	1	15.0
	13	2122	1	15.0
	14	7122	1	15.0
	15	5082	1	15.0
	16	27002	30	150.0
	17	27003	50	200.0
	18	27005	30	150.0
	19	27006	20	100.0
	20	50300	1	400.0
}
Group 사귀왕
{
	type	kill
	mob	1092
	kill_drop	1
	1	50081	1	100	0
}
Group 사신
{
	type	limit
	mob	1093
	level_limit	75
	1	50082	1	100.0
	2	30319	1	100.0
}
Group 이벤트용사신왕
{
	type	drop
	mob	1094
	1	50117	1	40.0
	2	182	1	2.0
	3	192	1	2.0
	4	1132	1	2.0
	5	2172	1	2.0
	6	3162	1	2.0
	7	5122	1	2.0
	8	183	1	2.0
	9	193	1	2.0
	10	1133	1	2.0
	11	2173	1	2.0
	12	3163	1	2.0
	13	5123	1	2.0
	14	11293	1	2.0
	15	11294	1	2.0
	16	11693	1	2.0
	17	11694	1	2.0
	18	11493	1	2.0
	19	11494	1	2.0
	20	11893	1	2.0
	21	11894	1	2.0
	22	28630	1	0.1
	23	28631	1	0.1
	24	28632	1	0.1
	25	28633	1	0.1
	26	28634	1	0.1
	27	28635	1	0.1
	28	28636	1	0.1
	29	28637	1	0.1
	30	28638	1	0.1
	31	28639	1	0.1
	32	28640	1	0.1
	33	28641	1	0.1
	34	28642	1	0.1
	35	28643	1	0.1
}
Group 이벤트용사신
{
	type	drop
	mob	1095
	1	50117	1	40.0
	2	182	1	2.0
	3	192	1	2.0
	4	1132	1	2.0
	5	2172	1	2.0
	6	3162	1	2.0
	7	5122	1	2.0
	8	183	1	2.0
	9	193	1	2.0
	10	1133	1	2.0
	11	2173	1	2.0
	12	3163	1	2.0
	13	5123	1	2.0
	14	11293	1	2.0
	15	11294	1	2.0
	16	11693	1	2.0
	17	11694	1	2.0
	18	11493	1	2.0
	19	11494	1	2.0
	20	11893	1	2.0
	21	11894	1	2.0
	22	28630	1	0.1
	23	28631	1	0.1
	24	28632	1	0.1
	25	28633	1	0.1
	26	28634	1	0.1
	27	28635	1	0.1
	28	28636	1	0.1
	29	28637	1	0.1
	30	28638	1	0.1
	31	28639	1	0.1
	32	28640	1	0.1
	33	28641	1	0.1
	34	28642	1	0.1
	35	28643	1	0.1
}
Group 빙마
{
	type	drop
	mob	1101
	1	90011	1	0.09
}
Group 얼음뿔범고래
{
	type	drop
	mob	1102
	1	90011	1	0.1
	2	50728	1	1.0
}
Group 빙충
{
	type	drop
	mob	1103
	1	102	1	0.2
	2	112	1	0.2
	3	1072	1	0.2
	4	11252	1	0.2
	5	15122	1	0.2
	6	70050	1	0.1
	7	90011	1	0.2
	8	50722	1	1.0
}
Group 설구
{
	type	kill
	mob	1104
	kill_drop	350
	1	12242	1	6	30
	2	12382	1	6	30
	3	12522	1	6	30
	4	12662	1	6	30
	5	12243	1	3	30
	6	12383	1	3	30
	7	12523	1	3	30
	8	12663	1	3	30
}
Group 설구
{
	type	drop
	mob	1104
	1	50723	1	2.0
}
Group 빙인
{
	type	kill
	mob	1105
	kill_drop	700
	1	11262	1	6	20
	2	11263	1	3	20
	3	11462	1	6	20
	4	11463	1	3	20
	5	11662	1	6	20
	6	11663	1	3	20
	7	11862	1	6	20
	8	11863	1	3	20
}
Group 빙인
{
	type	drop
	mob	1105
	1	2092	1	0.2
	2	7092	1	0.2
	3	11852	1	0.2
	4	15142	1	0.2
	5	70048	1	0.1
	6	90011	1	0.3
	7	50725	1	2.0
}
Group 설거인
{
	type	kill
	mob	1106
	kill_drop	1000
	1	1092	1	60	20
	2	1093	1	30	20
	3	50009	1	10	0
}
Group 설거인
{
	type	drop
	mob	1106
	1	102	1	0.2
	2	112	1	0.2
	3	1072	1	0.2
	4	11252	1	0.2
	5	15122	1	0.2
	6	70051	1	0.1
	7	90011	1	0.4
	8	50728	1	1.0
}
Group 얼음고렘
{
	type	kill
	mob	1107
	kill_drop	300
	1	3123	1	60	20
	2	3124	1	30	20
	3	50009	1	10	0
}
Group 얼음고램
{
	type	drop
	mob	1107
	1	50721	1	2.0
}
Group 천의빙마
{
	type	limit
	mob	1131
	level_limit	80
	1	19	1	0.2
	2	1009	1	0.07
	3	2009	1	0.06
	4	3009	1	0.06
	5	4009	1	0.05
	6	5009	1	0.05
	7	7009	1	0.04
}
Group 천의얼음뿔범고래
{
	type	limit
	mob	1132
	level_limit	80
	1	29	1	0.1
	2	1019	1	0.06
	3	2019	1	0.05
	4	3019	1	0.05
	5	4019	1	0.04
	6	5019	1	0.04
	7	7019	1	0.03
}
Group 천의빙충
{
	type	limit
	mob	1133
	level_limit	80
	1	39	1	0.05
	2	1029	1	0.06
	3	2029	1	0.05
	4	3029	1	0.05
	5	4029	1	0.04
	6	5029	1	0.04
	7	7029	1	0.03
	8	30198	1	0.005
}
Group 천의설구
{
	type	limit
	mob	1134
	level_limit	80
	1	49	1	0.03
	2	7039	1	0.03
	3	2039	1	0.03
	4	3039	1	0.03
	5	5039	1	0.03
}
Group 천의빙인
{
	type	limit
	mob	1135
	level_limit	80
	1	59	1	0.02
	2	7049	1	0.01
	3	2049	1	0.01
	4	3049	1	0.01
	5	5049	1	0.01
}
Group 천의설거인
{
	type	limit
	mob	1136
	level_limit	80
	1	13195	1	0.05
	2	13207	1	0.04
	3	13009	1	0.04
}
Group 천의얼음고렘
{
	type	limit
	mob	1137
	level_limit	80
	1	13207	1	0.03
	2	13009	1	0.05
	3	30198	1	0.005
}
Group ice_witch
{
	type	drop
	mob	1192
	level_limit	80
	1	11294	1	50.0
	2	11494	1	50.0
	3	11694	1	50.0
	4	11894	1	50.0
	5	13066	1	50.0
	6	13086	1	50.0
	7	13106	1	50.0
	8	13126	1	50.0
	9	15187	1	50.0
	10	15167	1	50.0
	11	15207	1	50.0
	12	15227	1	50.0
	13	16207	1	50.0
	14	16187	1	50.0
	15	17147	1	50.0
	16	17167	1	50.0
	17	17187	1	50.0
	18	17207	1	50.0
	19	28430	1	50.0
	20	28431	1	50.0
	21	28432	1	50.0
	22	28433	1	50.0
	23	28434	1	50.0
	24	28435	1	50.0
	25	28436	1	50.0
	26	28437	1	50.0
	27	28438	1	50.0
	28	28439	1	50.0
	29	28440	1	50.0
	30	28441	1	50.0
	31	28442	1	50.0
	32	28443	1	50.0
	33	70031	1	50.0
	34	71056	1	50.0
	35	30190	1	400.0
	36	30190	5	100.0
}
Group 청와병
{
	type	kill
	mob	1301
	kill_drop	400
	1	16160	1	18	30
	2	16161	1	9	30
	3	16180	1	12	30
	4	16181	1	6	30
	5	16200	1	6	30
	6	16201	1	3	30
}
Group 청와병
{
	type	drop
	mob	1301
	1	90012	1	0.1
	2	12530	1	0.4
	3	12531	1	0.2
	4	12670	1	0.4
	5	12671	1	0.2
	6	12260	1	0.4
	7	12261	1	0.2
	8	12390	1	0.4
	9	12391	1	0.2
}
Group 청와장
{
	type	kill
	mob	1302
	kill_drop	500
	1	5082	1	55	20
	2	5083	1	25	20
}
Group 청와장
{
	type	drop
	mob	1302
	1	90012	1	0.3
	2	12530	1	0.4
	3	12531	1	0.2
	4	12670	1	0.4
	5	12671	1	0.2
	6	12260	1	0.4
	7	12261	1	0.2
	8	12390	1	0.4
	9	12391	1	0.2
}
Group 풀잎머리도깨비
{
	type	kill
	mob	1303
	kill_drop	800
	1	2122	1	1	20
}
Group 풀잎머리도깨비
{
	type	drop
	mob	1303
	1	90012	1	0.1
}
Group 누렁범귀
{
	type	kill
	mob	1304
	kill_drop	1
	1	50078	1	100	0
}
Group 누렁범귀
{
	type	drop
	mob	1304
	1	27002	200	400.0
	2	27003	100	400.0
	3	27005	200	400.0
	4	27006	100	400.0
	5	90010	1	300.0
}
Group 수구대장군
{
	type	kill
	mob	1305
	kill_drop	350
	1	7122	1	65	20
	2	7123	1	35	20
}
Group 수구대장군
{
	type	drop
	mob	1305
	1	15162	1	0.2
	2	16162	1	0.2
	3	12382	1	0.2
	4	17142	1	0.2
	5	90012	1	0.4
}
Group 이벤트용진투귀범
{
	type	drop
	mob	1307
	1	50117	1	40.0
	2	182	1	2.0
	3	192	1	2.0
	4	1132	1	2.0
	5	2172	1	2.0
	6	3162	1	2.0
	7	5122	1	2.0
	8	183	1	2.0
	9	193	1	2.0
	10	1133	1	2.0
	11	2173	1	2.0
	12	3163	1	2.0
	13	5123	1	2.0
	14	11293	1	2.0
	15	11294	1	2.0
	16	11693	1	2.0
	17	11694	1	2.0
	18	11493	1	2.0
	19	11494	1	2.0
	20	11893	1	2.0
	21	11894	1	2.0
	22	28630	1	0.1
	23	28631	1	0.1
	24	28632	1	0.1
	25	28633	1	0.1
	26	28634	1	0.1
	27	28635	1	0.1
	28	28636	1	0.1
	29	28637	1	0.1
	30	28638	1	0.1
	31	28639	1	0.1
	32	28640	1	0.1
	33	28641	1	0.1
	34	28642	1	0.1
	35	28643	1	0.1
}
Group 투귀병
{
	type	kill
	mob	1401
	kill_drop	0
}
Group 투귀병
{
	type	drop
	mob	1401
	1	50723	1	2.0
}
Group 투귀척후병
{
	type	kill
	mob	1402
	kill_drop	300
	1	11273	1	20	30
	2	11473	1	20	30
	3	11673	1	20	30
	4	11873	1	20	30
	5	11274	1	10	30
	6	11474	1	10	30
	7	11674	1	10	30
	8	11874	1	10	30
}
Group 투귀척후병
{
	type	drop
	mob	1402
	1	50726	1	2.0
}
Group 투귀천장수
{
	type	kill
	mob	1403
	kill_drop	250
	1	11290	1	5	30
	2	11490	1	5	30
	3	11890	1	5	30
	4	11690	1	5	10
	5	170	1	1	20
	6	250	1	1	20
	7	1120	1	1	20
	8	2180	1	1	20
	9	3150	1	1	20
	10	7150	1	1	20
}
Group 투귀천장수
{
	type	drop
	mob	1403
	1	50725	1	2.0
}
Group 투귀천장수
{
	type	limit
	mob	1403
	level_limit	75
	1	11290	1	0.2
	2	11490	1	0.2
	3	11890	1	0.2
	4	11690	1	0.1
	5	70003	1	0.2
	6	70005	1	0.2
	7	70008	1	0.2
	8	70038	1	0.2
	9	170	1	0.2
	10	250	1	0.2
	11	1120	1	0.2
	12	2180	1	0.2
	13	3150	1	0.2
	14	7150	1	0.2
}
Group 석인
{
	type	kill
	mob	1501
	kill_drop	100
	1	8002	50	1	0
}
Group 투석인
{
	type	kill
	mob	1502
	kill_drop	100
	1	8002	50	1	0
}
Group 투석인
{
	type	drop
	mob	1502
	1	50722	1	1.0
}
Group 거대투석인
{
	type	kill
	mob	1503
	kill_drop	300
	1	11282	1	1	10
	2	11882	1	1	10
	3	11482	1	1	10
	4	11682	1	1	10
}
Group 거대투석인
{
	type	drop
	mob	1503
	1	50723	1	4.0
}
Group 투귀일군
{
	type	kill
	mob	1601
	kill_drop	300
}
Group 투귀일꾼
{
	type	drop
	mob	1601
	1	50728	1	2.0
}
Group 투귀감찰병
{
	type	kill
	mob	1602
	kill_drop	150
	1	11271	1	20	20
	2	11471	1	20	20
	3	11671	1	20	20
	4	11871	1	20	20
	5	11272	1	10	10
	6	11472	1	10	10
	7	11672	1	10	10
	8	11872	1	10	10
}
Group 투귀감찰병
{
	type	drop
	mob	1602
	1	50721	1	4.0
}
Group 투귀백장수
{
	type	kill
	mob	1603
	kill_drop	200
	1	3140	1	1	10
	2	1110	1	1	10
	3	2130	1	1	10
	4	7140	1	1	10
	5	5100	1	1	10
	6	160	1	1	10
	7	240	1	1	10
}
Group 투귀백장수
{
	type	drop
	mob	1603
	1	50722	1	2.0
}
Group 투귀백장수
{
	type	limit
	mob	1603
	level_limit	75
	1	11290	1	0.03
	2	11490	1	0.03
	3	11890	1	0.03
	4	11690	1	0.02
	5	170	1	0.03
	6	250	1	0.03
	7	1120	1	0.03
	8	2180	1	0.03
	9	3150	1	0.03
	10	7150	1	0.03
}
Group 구미호
{
	type	kill
	mob	1901
	kill_drop	1
	1	50077	1	100	0
}
Group 구미호
{
	type	drop
	mob	1901
	1	27002	200	400.0
	2	27003	100	400.0
	3	27005	200	400.0
	4	27006	100	400.0
	5	90010	1	200.0
}
Group 진구미호
{
	type	drop
	mob	1902
	1	151	1	25.0
	2	152	1	10.0
	3	5091	1	25.0
	4	5092	1	10.0
	5	141	1	25.0
	6	142	1	10.0
	7	3131	1	25.0
	8	3132	1	10.0
	9	1101	1	25.0
	10	1102	1	10.0
	11	7131	1	25.0
	12	7132	1	10.0
	13	2141	1	25.0
	14	2142	1	10.0
	15	11682	1	50.0
	16	11683	1	20.0
	17	11882	1	50.0
	18	11883	1	20.0
	19	11482	1	50.0
	20	11483	1	20.0
	21	11282	1	50.0
	22	11283	1	20.0
	23	17204	1	50.0
	24	17205	1	25.0
	25	17206	1	10.0
	26	16204	1	50.0
	27	16205	1	25.0
	28	16206	1	10.0
	29	14204	1	50.0
	30	14205	1	25.0
	31	14206	1	10.0
	32	50006	1	400.0
	33	50007	1	400.0
	34	50012	1	400.0
	35	50013	1	400.0
	36	12222	1	50.0
	37	12223	1	25.0
	38	12362	1	50.0
	39	12363	1	25.0
	40	12502	1	50.0
	41	12503	1	25.0
	42	12642	1	50.0
	43	12643	1	25.0
	44	30015	1	100.0
	45	30035	1	100.0
	46	30058	1	100.0
	47	30006	1	100.0
	48	30082	1	100.0
	49	30076	1	100.0
	50	30018	1	100.0
	51	30046	1	100.0
	52	30021	1	100.0
	53	30086	1	100.0
	54	30005	1	100.0
	55	30072	1	100.0
	56	30080	1	100.0
	57	30077	1	100.0
	58	30069	1	100.0
	59	30067	1	100.0
}
Group 이벤트용진구미호
{
	type	drop
	mob	1903
	1	50117	1	40.0
	2	182	1	2.0
	3	192	1	2.0
	4	1132	1	2.0
	5	2172	1	2.0
	6	3162	1	2.0
	7	5122	1	2.0
	8	183	1	2.0
	9	193	1	2.0
	10	1133	1	2.0
	11	2173	1	2.0
	12	3163	1	2.0
	13	5123	1	2.0
	14	11293	1	2.0
	15	11294	1	2.0
	16	11693	1	2.0
	17	11694	1	2.0
	18	11493	1	2.0
	19	11494	1	2.0
	20	11893	1	2.0
	21	11894	1	2.0
	22	28630	1	0.1
	23	28631	1	0.1
	24	28632	1	0.1
	25	28633	1	0.1
	26	28634	1	0.1
	27	28635	1	0.1
	28	28636	1	0.1
	29	28637	1	0.1
	30	28638	1	0.1
	31	28639	1	0.1
	32	28640	1	0.1
	33	28641	1	0.1
	34	28642	1	0.1
	35	28643	1	0.1
}
Group 삼거리진구미호1
{
	type	kill
	mob	1904
	kill_drop	1
	1	50006	15	30	0
	2	50007	20	40	0
	3	50012	10	15	0
	4	50013	15	20	0
	5	50011	5	5	0
}
Group 삼거리진구미호2
{
	type	kill
	mob	1905
	kill_drop	1
	1	50006	15	30	0
	2	50007	20	40	0
	3	50012	10	15	0
	4	50013	15	20	0
	5	50011	5	5	0
}
Group 삼거리진구미호3
{
	type	kill
	mob	1906
	kill_drop	1
	1	50006	15	30	0
	2	50007	20	40	0
	3	50012	10	15	0
	4	50013	15	20	0
	5	50011	5	5	0
}
Group 새끼거미
{
	type	drop
	mob	2001
	1	50721	1	2.0
}
Group 독거미
{
	type	drop
	mob	2002
	1	50725	1	1.0
}
Group 붉은독거미
{
	type	kill
	mob	2003
	kill_drop	1000
	1	7102	1	1	10
}
Group 붉은독거미
{
	type	drop
	mob	2003
	1	50725	1	1.0
	2	50009	1	0.2
}
Group 집게거미
{
	type	kill
	mob	2004
	kill_drop	1000
	1	5072	1	1	10
}
Group 집게거미
{
	type	drop
	mob	2004
	1	50721	1	2.0
}
Group 병정거미
{
	type	kill
	mob	2005
	kill_drop	500
	1	12242	1	1	10
	2	12382	1	1	10
	3	12522	1	1	10
	4	12662	1	1	10
}
Group 병정거미
{
	type	drop
	mob	2005
	1	50727	1	0.8
}
Group 새끼독거미
{
	type	drop
	mob	2031
	1	50722	1	1.0
}
Group 붉은맹독거미
{
	type	kill
	mob	2033
	kill_drop	300
	1	112	1	65	10
	2	113	1	35	10
}
Group 붉은맹독거미
{
	type	drop
	mob	2033
	1	50727	1	0.8
}
Group 집게독거미
{
	type	kill
	mob	2034
	kill_drop	500
	1	1072	1	1	10
}
Group 집게독거미
{
	type	drop
	mob	2034
	1	50726	1	2.0
}
Group 병정독거미
{
	type	kill
	mob	2035
	kill_drop	300
	1	11260	1	1	10
	2	11460	1	1	10
	3	11660	1	1	10
	4	11860	1	1	10
}
Group 병정독거미
{
	type	drop
	mob	2035
	1	50726	1	2.0
}
Group 병정독거미
{
	type	kill
	mob	2036
	kill_drop	90
	1	3112	1	65	10
	2	3113	1	35	10
}
Group 새끼독거미
{
	type	drop
	mob	2061
	1	50724	1	2.0
}
Group 새끼독거미
{
	type	limit
	mob	2061
	level_limit	60
	1	104	1	0.4
	2	114	1	0.4
	3	124	1	0.4
	4	13006	1	0.4
	5	13194	1	0.4
	6	13060	1	0.05
}
Group 맹독거미
{
	type	drop
	mob	2062
	1	50721	1	4.0
}
Group 맹독거미
{
	type	limit
	mob	2062
	level_limit	60
	1	1064	1	0.4
	2	1074	1	0.4
	3	1084	1	0.4
	4	12626	1	0.4
	5	12645	1	0.4
	6	13080	1	0.05
}
Group 붉은맹독거미
{
	type	drop
	mob	2063
	1	50724	1	2.0
}
Group 붉은맹독거미
{
	type	limit
	mob	2063
	level_limit	60
	1	2094	1	0.4
	2	2104	1	0.4
	3	2114	1	0.4
	4	12486	1	0.4
	5	12505	1	0.4
	6	13120	1	0.1
}
Group 집게독거미
{
	type	drop
	mob	2064
	1	50722	1	2.0
}
Group 집게독거미
{
	type	limit
	mob	2064
	level_limit	60
	1	3094	1	0.5
	2	3104	1	0.4
	3	3114	1	0.4
	4	12346	1	0.4
	5	12365	1	0.4
}
Group 병정독거미
{
	type	drop
	mob	2065
	1	50723	1	2.0
	2	50009	1	0.2
}
Group 병정독거미
{
	type	limit
	mob	2065
	level_limit	60
	1	5064	1	0.4
	2	5074	1	0.4
	3	12206	1	0.4
	4	12225	1	0.4
}
Group BestialBabySpider
{
	type	limit
	mob	2071
	level_limit	70
	1	13205	1	0.5
	2	12664	1	0.3
	3	13100	1	0.05
	4	134	1	0.4
}
Group BestialPoisonSpider
{
	type	limit
	mob	2072
	level_limit	70
	1	12525	1	0.3
	2	13120	1	0.05
	3	1094	1	0.4
}
Group BestialCrimsonSpider
{
	type	limit
	mob	2073
	level_limit	70
	1	12525	1	0.3
	2	2124	1	0.4
}
Group BestialClawSpider
{
	type	limit
	mob	2074
	level_limit	70
	1	12385	1	0.3
	2	13120	1	0.1
	3	3124	1	0.4
}
Group BestialSoldierSpider
{
	type	limit
	mob	2075
	level_limit	70
	1	12245	1	0.3
	2	13100	1	0.1
	3	5084	1	0.4
}
Group 진병정사나운독거미
{
	type	limit
	mob	2076
	level_limit	60
	1	5064	1	0.5
	2	5074	1	0.5
	3	5084	1	0.5
	4	12206	1	0.5
	5	12225	1	0.5
	6	12244	1	0.5
	7	13100	1	0.1
}
Group 여왕거미
{
	type	kill
	mob	2091
	kill_drop	1
	1	50073	1	100	0
}
Group 여왕거미
{
	type	drop
	mob	2091
	1	27002	200	400.0
	2	27003	100	400.0
	3	27005	200	400.0
	4	27006	100	400.0
	5	90011	1	60.0
	6	30326	1	90.0
}
Group KingSpider
{
	type	kill
	mob	2092
	kill_drop	1
	1	50074	1	100	0
}
Group 이벤트용여왕거미
{
	type	drop
	mob	2093
	1	50117	1	40.0
	2	182	1	2.0
	3	192	1	2.0
	4	1132	1	2.0
	5	2172	1	2.0
	6	3162	1	2.0
	7	5122	1	2.0
	8	183	1	2.0
	9	193	1	2.0
	10	1133	1	2.0
	11	2173	1	2.0
	12	3163	1	2.0
	13	5123	1	2.0
	14	11293	1	2.0
	15	11294	1	2.0
	16	11693	1	2.0
	17	11694	1	2.0
	18	11493	1	2.0
	19	11494	1	2.0
	20	11893	1	2.0
	21	11894	1	2.0
	22	28630	1	0.1
	23	28631	1	0.1
	24	28632	1	0.1
	25	28633	1	0.1
	26	28634	1	0.1
	27	28635	1	0.1
	28	28636	1	0.1
	29	28637	1	0.1
	30	28638	1	0.1
	31	28639	1	0.1
	32	28640	1	0.1
	33	28641	1	0.1
	34	28642	1	0.1
	35	28643	1	0.1
}
Group 거미동굴3층_여왕거미_피리드롭
{
	type	limit
	mob	2094
	level_limit	60
	1	30327	1	100.0
}
Group DesertFox
{
	type	kill
	mob	2101
	kill_drop	10
	1	50009	1	10	20
	2	54	1	10	20
	3	55	1	10	20
	4	1024	1	10	20
	5	1025	1	10	20
	6	2044	1	10	20
	7	2045	1	10	20
	8	3044	1	10	20
	9	3045	1	10	20
	10	5024	1	10	20
	11	5025	1	10	20
	12	25040	1	10	20
}
Group 비마귀안
{
	type	kill
	mob	2102
	kill_drop	400
	1	12222	1	6	10
	2	12362	1	6	10
	3	12502	1	6	10
	4	12642	1	6	10
	5	12223	1	3	10
	6	12363	1	3	10
	7	12503	1	3	10
	8	12643	1	3	10
}
Group 비마귀안
{
	type	drop
	mob	2102
	1	50722	1	2.0
}
Group 대왕전갈
{
	type	kill
	mob	2103
	kill_drop	1000
	1	14160	1	18	10
	2	14161	1	9	10
	3	14180	1	12	10
	4	14181	1	6	10
	5	14200	1	6	10
	6	14201	1	3	10
}
Group 대왕전갈
{
	type	drop
	mob	2103
	1	50721	1	4.0
}
Group 전갈인간
{
	type	kill
	mob	2104
	kill_drop	600
	1	1062	1	45	10
	2	1063	1	25	10
	3	7160	1	40	10
	4	5110	1	40	10
}
Group 전갈인간
{
	type	drop
	mob	2104
	1	50724	1	1.0
}
Group 전갈궁수
{
	type	kill
	mob	2105
	kill_drop	400
	1	2092	1	45	10
	2	2093	1	25	10
	3	7160	1	20	10
	4	5110	1	40	10
}
Group 전갈궁수
{
	type	drop
	mob	2105
	1	50013	1	1.0
	2	8002	50	10.0
	3	30081	1	1.0
	4	50009	1	0.2
	5	50722	1	2.0
}
Group 반인반사검병
{
	type	kill
	mob	2106
	kill_drop	700
	1	1062	1	65	10
	2	1063	1	35	10
}
Group 반인반사검병
{
	type	drop
	mob	2106
	1	50726	1	1.0
	2	50009	1	0.2
}
Group 반인반사궁병
{
	type	kill
	mob	2107
	kill_drop	400
	1	13202	1	65	30
	2	13203	1	35	30
}
Group 반인반사궁병
{
	type	drop
	mob	2107
	1	50006	1	0.7
	2	8003	50	5.0
	3	30082	1	1.0
	4	50725	1	2.0
}
Group 사막의무법자
{
	type	kill
	mob	2108
	kill_drop	100
	1	17162	1	18	10
	2	17163	1	9	10
	3	17182	1	12	10
	4	17183	1	6	10
	5	17202	1	6	10
	6	17203	1	3	10
}
Group 사막의무법자
{
	type	drop
	mob	2108
	1	92	1	0.2
	2	2082	1	0.2
	3	11841	1	0.2
	4	15122	1	0.2
	5	27002	30	50.0
	6	27003	20	25.0
	7	27005	20	50.0
	8	27006	10	25.0
	9	70008	1	0.1
	10	50728	1	0.8
}
Group 전갈인간
{
	type	drop
	mob	2131
	1	50727	1	2.0
}
Group 새끼독거미
{
	type	limit
	mob	2131
	level_limit	60
	1	16004	1	0.5
	2	16024	1	0.5
	3	16044	1	0.5
	4	16064	1	0.5
	5	13006	1	0.5
	6	13194	1	0.5
	7	13205	1	0.5
	8	13100	1	0.1
	9	50009	1	0.1
}
Group 전갈궁수
{
	type	drop
	mob	2132
	1	50726	1	4.0
}
Group 맹독거미
{
	type	limit
	mob	2132
	level_limit	60
	1	16084	1	0.5
	2	16104	1	0.5
	3	16124	1	0.5
	4	16144	1	0.5
	5	17164	1	0.5
	6	17184	1	0.5
	7	17204	1	0.5
	8	13080	1	0.1
	9	50009	1	0.1
}
Group 반인반사검병
{
	type	drop
	mob	2133
	1	50725	1	4.0
}
Group 붉은맹독거미
{
	type	limit
	mob	2133
	level_limit	60
	1	15164	1	0.5
	2	15184	1	0.5
	3	15204	1	0.5
	4	15224	1	0.5
	5	17104	1	0.5
	6	17124	1	0.5
	7	17144	1	0.5
	8	13080	1	0.1
	9	50009	1	0.1
}
Group 반인반사궁병
{
	type	drop
	mob	2134
	1	50727	1	2.0
	2	30082	1	1.0
}
Group 집게독거미
{
	type	limit
	mob	2134
	level_limit	60
	1	15084	1	0.5
	2	15104	1	0.5
	3	15124	1	0.5
	4	15144	1	0.5
	5	16164	1	0.5
	6	16184	1	0.5
	7	16204	1	0.5
	8	13060	1	0.1
	9	50009	1	0.1
}
Group 사막의무법자
{
	type	drop
	mob	2135
	1	50725	1	4.0
}
Group 병정독거미
{
	type	limit
	mob	2135
	level_limit	60
	1	15004	1	0.5
	2	15024	1	0.5
	3	15044	1	0.5
	4	15064	1	0.5
	5	17044	1	0.5
	6	17064	1	0.5
	7	13060	1	0.1
	8	50009	1	0.1
}
Group 거대사막거북
{
	type	kill
	mob	2191
	kill_drop	1
	1	50076	1	100	0
}
Group 거대사막거북
{
	type	drop
	mob	2191
	1	27002	200	400.0
	2	27003	100	400.0
	3	27005	200	400.0
	4	27006	100	400.0
	5	90012	1	80.0
}
Group 이벤트용거대사막거북
{
	type	drop
	mob	2192
	1	50117	1	40.0
	2	182	1	2.0
	3	192	1	2.0
	4	1132	1	2.0
	5	2172	1	2.0
	6	3162	1	2.0
	7	5122	1	2.0
	8	183	1	2.0
	9	193	1	2.0
	10	1133	1	2.0
	11	2173	1	2.0
	12	3163	1	2.0
	13	5123	1	2.0
	14	11293	1	2.0
	15	11294	1	2.0
	16	11693	1	2.0
	17	11694	1	2.0
	18	11493	1	2.0
	19	11494	1	2.0
	20	11893	1	2.0
	21	11894	1	2.0
	22	28630	1	0.1
	23	28631	1	0.1
	24	28632	1	0.1
	25	28633	1	0.1
	26	28634	1	0.1
	27	28635	1	0.1
	28	28636	1	0.1
	29	28637	1	0.1
	30	28638	1	0.1
	31	28639	1	0.1
	32	28640	1	0.1
	33	28641	1	0.1
	34	28642	1	0.1
	35	28643	1	0.1
}
Group 투지범졸개
{
	type	kill
	mob	2201
	kill_drop	0
}
Group 투지범졸개
{
	type	drop
	mob	2201
	1	90010	1	0.09
	2	50722	1	1.0
}
Group 화령
{
	type	kill
	mob	2202
	kill_drop	1000
	1	50009	1	10	0
}
Group 화령
{
	type	drop
	mob	2202
	1	90010	1	0.1
	2	50727	1	2.0
}
Group 투지범
{
	type	kill
	mob	2203
	kill_drop	1000
	1	132	1	65	20
	2	133	1	35	20
}
Group 투지범
{
	type	drop
	mob	2203
	1	90010	1	0.2
	2	50728	1	1.0
}
Group 참마인
{
	type	kill
	mob	2204
	kill_drop	1000
	1	1092	1	65	20
	2	1093	1	35	20
}
Group 참마인
{
	type	drop
	mob	2204
	1	90010	1	0.3
}
Group 태화무인
{
	type	kill
	mob	2205
	kill_drop	500
	1	3123	1	50	20
	2	3124	1	30	20
	3	12280	1	10	20
	4	12400	1	10	20
	5	12540	1	10	20
	6	12680	1	10	20
}
Group 태화무인
{
	type	drop
	mob	2205
	1	90010	1	0.4
	2	50723	1	4.0
}
Group 화염왕
{
	type	kill
	mob	2206
	kill_drop	1
	1	50079	1	100	0
}
Group 화염왕
{
	type	drop
	mob	2206
	1	27002	200	400.0
	2	27003	100	400.0
	3	27005	200	400.0
	4	27006	100	400.0
	5	90012	1	200.0
}
Group RedDragon
{
	type	kill
	mob	2291
	kill_drop	1
	1	50080	1	100	0
}
Group RedDragon2
{
	type	drop
	mob	2291
	1	71027	1	40.0
	2	71028	1	10.0
	3	71029	1	10.0
	4	71030	1	10.0
	5	50107	5	10.0
}
Group 귀목
{
	type	kill
	mob	2301
	kill_drop	0
}
Group 귀목
{
	type	drop
	mob	2301
	1	50727	1	2.0
}
Group 밑둥귀목
{
	type	kill
	mob	2302
	kill_drop	3000
	1	50008	1	1	0
}
Group 밑둥귀목
{
	type	drop
	mob	2302
	1	50726	1	1.0
}
Group 목령
{
	type	kill
	mob	2303
	kill_drop	1000
	1	11270	1	30	30
	2	11470	1	30	30
	3	11670	1	30	30
	4	11870	1	30	30
	5	11271	1	20	20
	6	11471	1	20	20
	7	11671	1	20	20
	8	11871	1	20	20
	9	11272	1	10	10
	10	11472	1	10	10
	11	11672	1	10	10
	12	11872	1	10	10
	13	50008	1	10	0
}
Group 목령
{
	type	drop
	mob	2303
	1	50725	1	2.0
}
Group 화류귀목
{
	type	kill
	mob	2304
	kill_drop	15000
	1	11280	1	1	10
	2	11880	1	1	10
	3	11480	1	1	10
	4	11680	1	1	10
}
Group 흑귀목
{
	type	kill
	mob	2305
	kill_drop	10000
	1	3140	1	1	10
	2	1110	1	1	10
	3	2130	1	1	10
	4	7140	1	1	10
	5	5100	1	1	10
	6	160	1	1	10
	7	240	1	1	10
	8	150	1	1	10
	9	5090	1	1	10
	10	140	1	1	10
	11	3130	1	1	10
	12	1100	1	1	10
	13	7130	1	1	10
	14	2140	1	1	10
}
Group GhostTreeLord
{
	type	kill
	mob	2307
	kill_drop	1
	1	50090	1	100	0
}
Group GhostTreeLord2
{
	type	drop
	mob	2307
	1	90011	1	25.0
}
Group 적귀목
{
	type	kill
	mob	2311
	kill_drop	2000
	1	50008	1	1	0
}
Group 적귀목
{
	type	drop
	mob	2311
	1	50728	1	0.8
}
Group 밑둥적귀목
{
	type	kill
	mob	2312
	kill_drop	2000
	1	50008	1	1	0
}
Group 밑둥적귀목
{
	type	drop
	mob	2312
	1	50724	1	1.0
}
Group 적목령
{
	type	kill
	mob	2313
	kill_drop	1000
	1	11272	1	20	30
	2	11472	1	20	30
	3	11672	1	20	30
	4	11872	1	20	30
	5	11273	1	10	30
	6	11473	1	10	30
	7	11673	1	10	30
	8	11873	1	10	30
	9	50008	1	10	0
}
Group 적목령
{
	type	drop
	mob	2313
	1	50726	1	1.0
}
Group 적목령
{
	type	limit
	mob	2313
	level_limit	86
	1	17204	1	0.03
	2	17205	1	0.03
	3	17206	1	0.03
	4	3140	1	0.04
	5	1110	1	0.04
	6	2130	1	0.04
	7	7140	1	0.04
	8	5100	1	0.04
	9	160	1	0.04
	10	240	1	0.04
}
Group 화류적귀목
{
	type	kill
	mob	2314
	kill_drop	6000
	1	11280	1	1	10
	2	11880	1	1	10
	3	11480	1	1	10
	4	11680	1	1	10
}
Group 화류적귀목
{
	type	drop
	mob	2314
	1	50727	1	0.8
}
Group 화류적귀목
{
	type	limit
	mob	2314
	level_limit	86
	1	16204	1	0.03
	2	16205	1	0.03
	3	16206	1	0.03
	4	3140	1	0.05
	5	1110	1	0.05
	6	2130	1	0.05
	7	7140	1	0.05
	8	5100	1	0.05
	9	160	1	0.05
	10	240	1	0.05
}
Group 적흑귀목
{
	type	kill
	mob	2315
	kill_drop	3000
	1	3140	1	1	10
	2	1110	1	1	10
	3	2130	1	1	10
	4	7140	1	1	10
	5	5100	1	1	10
	6	160	1	1	10
	7	240	1	1	10
	8	150	1	1	10
	9	5090	1	1	10
	10	140	1	1	10
	11	3130	1	1	10
	12	1100	1	1	10
	13	7130	1	1	10
	14	2140	1	1	10
}
Group 흑적귀목
{
	type	drop
	mob	2315
	1	50728	1	1.0
}
Group 흑적귀목
{
	type	limit
	mob	2315
	level_limit	86
	1	11291	1	0.05
	2	11491	1	0.05
	3	11891	1	0.05
	4	11691	1	0.02
	5	27987	1	0.05
	6	14204	1	0.05
	7	14205	1	0.05
	8	14206	1	0.05
	9	3140	1	0.1
	10	1110	1	0.1
	11	2130	1	0.1
	12	7140	1	0.1
	13	5100	1	0.1
	14	160	1	0.1
	15	240	1	0.1
}
Group 천의병사
{
	type	limit
	mob	2401
	level_limit	80
	1	105	1	0.08	
	2	115	1	0.08	
	3	125	1	0.08	
	4	135	1	0.08	
	5	흑신철갑+0	1	0.07	
	6	흑마갑+0	1	0.05	
	7	응룡갑패+0	1	0.07	
	8	사자각패+0	1	0.07	
	9	조개	1	0.05	
	10	진병기비급서	1	0.0001	
	11	사자검+0	1	0.05	
	12	서모검+0	1	0.05	
	13	15085	1	0.005	
	14	15105	1	0.005	
	15	"부서진 목걸이 상자"	1	0.1
	16	136	1	0.04
	17	12245	1	0.04
	18	12525	1	0.04
	19	12209	1	0.01
	20	12489	1	0.01
	21	15165	1	0.04
	22	15185	1	0.04
	23	15205	1	0.04
	24	15225	1	0.04
	25	11265	1	0.01
	26	11665	1	0.01
	27	71026	1	0.005
	28	3145	1	0.04
	29	3095	1	0.04
	30	3105	1	0.04
	31	3115	1	0.04
	32	3125	1	0.04
	33	106	1	0.04
	34	116	1	0.04
	35	126	1	0.04
	36	12263	1	0.04
	37	12533	1	0.04
}
Group 천의궁병
{
	type	limit
	mob	2402
	level_limit	80
	1	천마궁+5	1	0.2	
	2	사일대궁+5	1	0.2	
	3	뇌정도+5	1	0.2	
	4	용마도+5	1	0.2	
	5	흑풍+0	1	0.1	
	6	나한호패+0	1	0.1	
	7	조개	1	0.05	
	8	진병기비급서	1	0.0001	
	9	철패신궁+0	1	0.1	
	10	마인검+0	1	0.03	
	11	15145	1	0.005	
	12	"부서진 팔찌 상자"	1	0.2	
	13	2116	1	0.05
	14	12385	1	0.1
	15	12349	1	0.05
	16	11465	1	0.01
	17	71026	1	0.005
	18	1065	1	0.1
	19	1075	1	0.1
	20	1085	1	0.1
	21	1095	1	0.1
	22	2095	1	0.05
	23	2105	1	0.04
	24	2115	1	0.03
	25	2125	1	0.02
	26	8008	50	0.1
	27	1066	1	0.05
	28	1076	1	0.05
	29	1086	1	0.05
	30	1096	1	0.05
	31	2096	1	0.05
	32	2106	1	0.05
	33	12393	1	0.04
}
Group 천의법사
{
	type	limit
	mob	2403
	level_limit	80
	1	금사령+5	1	0.2	
	2	철사령+5	1	0.2	
	3	천조선+5	1	0.2	
	4	흑염선+5	1	0.2	
	5	흑선의+0	1	0.5	
	6	용린패+0	1	0.2	
	7	조개	1	0.05	
	8	진병기비급서	1	0.0001	
	9	청죽령+2	1	0.1	
	10	15125	1	0.005	
	11	"부서진 귀걸이 상자"	1	0.2	
	12	7116	1	0.2
	13	12665	1	0.02
	14	12629	1	0.1
	15	11865	1	0.02
	16	71026	1	0.005
	17	5065	1	0.1
	18	5075	1	0.1
	19	5085	1	0.1
	20	7095	1	0.1
	21	7105	1	0.1
	22	7115	1	0.1
	23	5066	1	0.5
	24	5076	1	0.2
	25	5086	1	0.2
	26	7096	1	0.2
	27	7106	1	0.2
	28	12673	1	0.04
}
Group 천의장수
{
	type	limit
	mob	2404
	level_limit	80
	1	서모검+1	1	0.05	
	2	사자검+1	1	0.1	
	3	마인검+1	1	0.1	
	4	청죽령+1	1	0.08	
	5	철패신궁+1	1	0.1	
	6	흑신철갑+1	1	0.1	
	7	흑마갑+1	1	0.05	
	8	흑풍+1	1	0.1	
	9	흑선의+1	1	0.1	
	10	진병기비급서	1	0.0001	
	11	"부서진 팔찌 상자"	1	0.3	
	12	"부서진 목걸이 상자"	1	0.3	
	13	"부서진 귀걸이 상자"	1	0.3	
}
Group 진천의병사
{
	type	limit
	mob	2411
	level_limit	85
	1	서모검+4	1	0.1	
	2	사자검+4	1	0.2	
	3	북성투구+5	1	0.1	
	4	귀면투구+5	1	0.1	
	5	흑신철갑+2	1	0.2	
	6	흑마갑+2	1	0.1	
	7	응룡갑패+2	1	0.2	
	8	사자각패+2	1	0.2	
	9	조개	1	0.05	
	10	진병기비급서	1	0.001	
	11	"축복의 서"	1	0.08	
	12	"부서진 목걸이 상자"	1	0.5	
	13	청룡의숨결	1	0.01	
	14	3160	1	0.025
	15	12283	1	0.2
	16	12284	1	0.1
	17	12543	1	0.4
	18	12544	1	0.2
}
Group 진천의궁병
{
	type	limit
	mob	2412
	level_limit	85
	1	철패신궁+2	1	0.3	
	2	마인검+2	1	0.3	
	3	철륜두건+2	1	0.3	
	4	흑풍+0	1	0.3	
	5	나한호패+2	1	0.3	
	6	조개	1	0.05	
	7	진병기비급서	1	0.001	
	8	"축복의 서"	1	0.08	
	9	"부서진 팔찌 상자"	1	0.3	
	10	청룡의숨결	1	0.01	
	11	8008	50	1
	12	12403	1	0.5
	13	12404	1	0.2
}
Group 진천의법사
{
	type	limit
	mob	2413
	level_limit	85
	1	청죽령+4	1	0.2	
	2	선광모+2	1	0.4	
	3	흑선의+2	1	0.4	
	4	용린패+2	1	0.4	
	5	조개	1	0.1	
	6	진병기비급서	1	0.001	
	7	"축복의 서"	1	0.1	
	8	"부서진 귀걸이 상자"	1	0.5	
	9	청룡의숨결	1	0.05	
	10	12683	1	0.5
	11	12684	1	0.2
}
Group 진천의장수
{
	type	limit
	mob	2414
	level_limit	85
	1	서모검+2	1	0.1	
	2	사자검+2	1	0.4	
	3	마인검+2	1	0.4	
	4	청죽령+2	1	0.3	
	5	철패신궁+2	1	0.4	
	6	흑신철갑+2	1	0.4	
	7	흑마갑+2	1	0.2	
	8	흑풍+2	1	0.4	
	9	흑선의+2	1	0.4	
	10	진병기비급서	1	0.001	
	11	청룡의숨결	1	0.03	
	12	"축복의 구슬"	1	0.02	
	13	"부서진 팔찌 상자"	1	0.5	
	14	"부서진 목걸이 상자"	1	0.5	
	15	"부서진 귀걸이 상자"	1	0.5	
}
Group 천의병사
{
	type	limit
	mob	2431
	level_limit	80
	1	104	1	0.02
	2	114	1	0.02
	3	124	1	0.02
	4	134	1	0.02
	5	13006	1	0.02
	6	13194	1	0.02
	7	13205	1	0.02
	8	13060	1	0.01
	9	13100	1	0.01
	10	27987	1	0.02
	11	70031	1	0.002
}
Group 천의궁병
{
	type	limit
	mob	2432
	level_limit	80
	1	1064	1	0.02
	2	1074	1	0.02
	3	1084	1	0.02
	4	1094	1	0.02
	5	12626	1	0.02
	6	12645	1	0.02
	7	12664	1	0.02
	8	13080	1	0.01
	9	13120	1	0.01
	10	27987	1	0.02
	11	70031	1	0.002
}
Group 천의법사
{
	type	limit
	mob	2433
	level_limit	80
	1	2094	1	0.02
	2	2104	1	0.02
	3	2114	1	0.02
	4	2124	1	0.02
	5	12486	1	0.02
	6	12505	1	0.02
	7	12524	1	0.02
	8	13120	1	0.02
	9	27987	1	0.02
	10	70031	1	0.002
}
Group Setaou-Anf?rer83
{
	type	limit
	mob	2434
	level_limit	80
	1	13123	1	0.16
	2	14143	1	0.17
	3	15204	1	0.22
	4	16184	1	0.11
	5	50060	1	0.08
	6	27987	1	0.1
	7	50724	5	1.25
	8	50728	5	1.25
	9	70031	1	0.01
}
Group 진천의병사
{
	type	limit
	mob	2451
	level_limit	80
	1	5064	1	0.02
	2	5074	1	0.02
	3	5084	1	0.02
	4	12206	1	0.02
	5	12225	1	0.02
	6	12244	1	0.02
	7	13100	1	0.02
	8	27987	1	0.02
	9	70031	1	0.002
	10	71056	1	0.0009
}
Group 진천의궁병
{
	type	limit
	mob	2452
	level_limit	80
	1	16004	1	0.02
	2	16024	1	0.02
	3	16044	1	0.02
	4	16064	1	0.02
	5	13006	1	0.02
	6	13194	1	0.02
	7	13205	1	0.02
	8	13100	1	0.02
	9	50009	1	0.02
	10	27987	1	0.02
	11	70031	1	0.002
	12	71056	1	0.0009
}
Group 진천의법사
{
	type	limit
	mob	2453
	level_limit	80
	1	16084	1	0.02
	2	16104	1	0.02
	3	16124	1	0.02
	4	16144	1	0.02
	5	17164	1	0.02
	6	17184	1	0.02
	7	17204	1	0.02
	8	13080	1	0.02
	9	50009	1	0.02
	10	27987	1	0.02
	11	70031	1	0.002
	12	71056	1	0.0009
}
Group 진천의장수
{
	type	limit
	mob	2454
	level_limit	80
	1	15004	1	0.02
	2	15024	1	0.02
	3	15044	1	0.02
	4	15064	1	0.02
	5	17044	1	0.02
	6	17064	1	0.02
	7	13060	1	0.02
	8	50009	1	0.02
	9	70031	1	0.002
	10	71056	1	0.0009
}
Group Setaou-Anf?rer97
{
	type	limit
	mob	2475
	level_limit	85
	1	171	1	0.07
	2	12246	1	0.12
	3	14141	1	0.12
	4	16183	1	0.21
	5	50060	1	0.08
	6	50009	1	0.34
	7	50724	5	1.25
	8	50728	5	1.25
	9	244	1	0.34
	10	146	1	0.27
	11	1114	1	0.34
	12	5104	1	0.34
	13	70031	1	0.01
	14	71056	1	0.005
}
Group Setaou-General1
{
	type	drop
	mob	2491
	level_limit	85
	1	30179	1	400.0
	2	30196	1	1.0
}
Group ZinHeavenGeneral
{
	type	kill
	mob	2492
	kill_drop	1
	1	30179	1	100	0
}
Group AquaDragon
{
	type	drop
	mob	2493
	1	27992	1	60.0
	2	27993	1	60.0
	3	27994	1	60.0
	4	50120	1	20.0
	5	50121	1	20.0
	6	50122	1	20.0
	7	72729	1	50.0
	8	71056	1	60.0
	9	72727	1	50.0
	10	72728	1	50.0
}
Group Setaou-General3
{
	type	drop
	mob	2494
	level_limit	85
	1	30179	1	400.0
}
Group Setaou-General4
{
	type	drop
	mob	2495
	level_limit	85
	1	30179	1	400.0
	2	30179	3	100.0
	3	30190	1	100.0
	4	11691	1	30.0
	5	11491	1	30.0
	6	11891	1	30.0
	7	11291	1	30.0
	8	13064	1	100.0
	9	13084	1	30.0
	10	13104	1	100.0
	11	16204	1	50.0
	12	17204	1	30.0
	13	13124	1	100.0
	14	15205	1	30.0
	15	70050	1	50.0
	16	70051	1	50.0
	17	50009	1	100.0
	18	27987	1	100.0
}
Group 아귀
{
	type	limit
	mob	2501
	level_limit	75
	1	50722	1	0.1
}
Group 아귀견
{
	type	limit
	mob	2502
	level_limit	75
	1	50723	1	0.1
}
Group 아귀감염자
{
	type	limit
	mob	2503
	level_limit	75
	1	50724	1	0.1
}
Group 아귀돌격병
{
	type	limit
	mob	2504
	level_limit	75
	1	50725	1	0.1
}
Group 아귀감염창병
{
	type	limit
	mob	2505
	level_limit	75
	1	50726	1	0.1
}
Group 아귀감염궁수
{
	type	limit
	mob	2506
	level_limit	75
	1	50727	1	0.1
	2	12260	1	0.02
	3	12390	1	0.02
	4	12530	1	0.02
	5	12670	1	0.02
	6	11280	1	0.05
	7	11880	1	0.05
	8	11480	1	0.05
	9	11680	1	0.05
}
Group 아귀감염장수
{
	type	limit
	mob	2507
	level_limit	75
	1	50728	1	0.1
	2	12260	1	0.02
	3	12390	1	0.02
	4	12530	1	0.02
	5	12670	1	0.02
	6	11280	1	0.05
	7	11880	1	0.05
	8	11480	1	0.05
	9	11680	1	0.05
}
Group SpectralShaman
{
	type	kill
	mob	2511
	kill_drop	500
	1	71001	1	30	10
}
Group 부활한아귀병
{
	type	limit
	mob	2541
	level_limit	75
	1	50722	1	0.2
	2	50723	1	0.2
	3	12260	1	0.02
	4	12390	1	0.02
	5	12530	1	0.02
	6	12670	1	0.02
	7	14180	1	0.05
	8	14200	1	0.025
	9	16180	1	0.05
	10	16200	1	0.025
	11	17180	1	0.05
	12	17200	1	0.025
}
Group 부활한아귀궁병
{
	type	limit
	mob	2542
	level_limit	75
	1	50722	1	0.2
	2	50723	1	0.2
	3	12260	1	0.04
	4	12390	1	0.04
	5	12530	1	0.04
	6	12670	1	0.04
	7	14220	1	0.01
	8	16220	1	0.01
	9	17220	1	0.01
}
Group HatefulSpikeman
{
	type	kill
	mob	2543
	kill_drop	300
	1	142	1	30	10
	2	152	1	30	10
	3	1102	1	30	10
	4	2142	1	30	10
	5	3132	1	30	10
	6	5092	1	30	10
	7	7132	1	30	10
}
Group HatefulBower
{
	type	kill
	mob	2543
	kill_drop	300
	1	8009	10	30	10
}
Group 부활한아귀주술사
{
	type	limit
	mob	2544
	level_limit	75
	1	50724	1	0.2
	2	50725	1	0.2
	3	12280	1	0.01
	4	12400	1	0.01
	5	12540	1	0.01
	6	12680	1	0.01
}
Group HatefulAxeman
{
	type	kill
	mob	2545
	kill_drop	300
	1	143	1	30	10
	2	153	1	30	10
	3	1103	1	30	10
	4	2143	1	30	10
	5	3133	1	30	10
	6	5093	1	30	10
	7	7133	1	30	10
}
Group HatefulAxeman
{
	type	kill
	mob	2545
	kill_drop	300
	1	143	1	30	10
	2	153	1	30	10
	3	1103	1	30	10
	4	2143	1	30	10
	5	3133	1	30	10
	6	5093	1	30	10
	7	7133	1	30	10
}
Group HatefulTitan
{
	type	kill
	mob	2546
	kill_drop	500
	1	170	1	30	10
	2	250	1	30	10
	3	1120	1	30	10
	4	2180	1	30	10
	5	3150	1	30	10
	6	7150	1	30	10
}
Group 부활한아귀장수
{
	type	limit
	mob	2547
	level_limit	75
	1	50728	1	0.2
	2	12280	1	0.025
	3	12400	1	0.025
	4	12540	1	0.025
	5	12680	1	0.025
	6	13140	1	0.025
	7	11290	1	0.02
	8	11490	1	0.02
	9	11890	1	0.02
	10	11690	1	0.02
}
Group Tartaros
{
	type	drop
	mob	2591
	1	71084	1	40.0
	2	182	1	2.0
	3	192	1	2.0
	4	1132	1	2.0
	5	2172	1	2.0
	6	3162	1	2.0
	7	5122	1	2.0
	8	183	1	2.0
	9	193	1	2.0
	10	1133	1	2.0
	11	2173	1	2.0
	12	3163	1	2.0
	13	5123	1	2.0
	14	11293	1	2.0
	15	11294	1	2.0
	16	11693	1	2.0
	17	11694	1	2.0
	18	11493	1	2.0
	19	11494	1	2.0
	20	11893	1	2.0
	21	11894	1	2.0
	22	28630	1	0.1
	23	28631	1	0.1
	24	28632	1	0.1
	25	28633	1	0.1
	26	28634	1	0.1
	27	28635	1	0.1
	28	28636	1	0.1
	29	28637	1	0.1
	30	28638	1	0.1
	31	28639	1	0.1
	32	28640	1	0.1
	33	28641	1	0.1
	34	28642	1	0.1
	35	28643	1	0.1
}
Group Erebus
{
	type	kill
	mob	2595
	kill_drop	200
	1	72725	1	30	10
	2	72729	1	30	10
}
Group LordsMinion
{
	type	kill
	mob	2596
	kill_drop	200
	1	72725	1	30	10
	2	72729	1	30	10
}
Group Charon
{
	type	drop
	mob	2597
	1	71083	1	40.0
	2	182	1	2.0
	3	192	1	2.0
	4	1132	1	2.0
	5	2172	1	2.0
	6	3162	1	2.0
	7	5122	1	2.0
	8	183	1	2.0
	9	193	1	2.0
	10	1133	1	2.0
	11	2173	1	2.0
	12	3163	1	2.0
	13	5123	1	2.0
	14	11293	1	2.0
	15	11294	1	2.0
	16	11693	1	2.0
	17	11694	1	2.0
	18	11493	1	2.0
	19	11494	1	2.0
	20	11893	1	2.0
	21	11894	1	2.0
	22	28630	1	0.1
	23	28631	1	0.1
	24	28632	1	0.1
	25	28633	1	0.1
	26	28634	1	0.1
	27	28635	1	0.1
	28	28636	1	0.1
	29	28637	1	0.1
	30	28638	1	0.1
	31	28639	1	0.1
	32	28640	1	0.1
	33	28641	1	0.1
	34	28642	1	0.1
	35	28643	1	0.1
}
Group Azrael
{
	type	limit
	mob	2598
	level_limit	80
	1	50130	1	100.0
}
Group 낭인병
{
	type	kill
	mob	3001
	kill_drop	400
	1	30500	1	100	0
	2	30512	1	100	0
}
Group 낭인병_약초
{
	type	drop
	mob	3001
	1	50721	2	1.0
}
Group 낭인궁사
{
	type	kill
	mob	3002
	kill_drop	300
	1	30500	1	100	0
	2	30512	1	100	0
}
Group 낭인궁사_약초
{
	type	drop
	mob	3002
	1	50722	2	1.0
}
Group 낭인척후병
{
	type	kill
	mob	3003
	kill_drop	250
	1	30500	1	100	0
	2	30512	1	100	0
}
Group 낭인척후병_약초
{
	type	drop
	mob	3003
	1	50723	2	1.0
}
Group 낭인대법사
{
	type	kill
	mob	3004
	kill_drop	200
	1	30500	1	100	0
	2	30512	1	100	0
}
Group 낭인대법사_약초
{
	type	drop
	mob	3004
	1	50724	2	1.0
}
Group 낭인상급장군
{
	type	kill
	mob	3005
	kill_drop	150
	1	30500	1	100	0
	2	30512	1	100	0
}
Group 낭인상급장군_약초
{
	type	drop
	mob	3005
	1	50725	2	1.0
}
Group 낭인족부족장
{
	type	kill
	mob	3090
	kill_drop	1
	1	30500	1	100	0
	2	30512	1	100	0
}
Group 낭인족부족장_약초_보상
{
	type	drop
	mob	3090
	1	70015	1	1.0
	2	70012	1	15.0
	3	70038	20	15.0
	4	25040	1	10.0
	5	70048	1	20.0
	6	70037	1	25.0
	7	70014	1	25.0
	8	70043	1	20.0
	9	70005	1	20.0
	10	27002	50	100.0
	11	27003	30	200.0
	12	27005	30	100.0
	13	27006	20	150.0
	14	70014	1	1.0
	15	70037	1	1.0
	16	50125	1	400.0
	17	145	1	15.0
	18	146	1	10.0
	19	155	1	15.0
	20	156	1	10.0
	21	1105	1	15.0
	22	1106	1	10.0
	23	2145	1	15.0
	24	2146	1	10.0
	25	3145	1	15.0
	26	3146	1	10.0
	27	5105	1	15.0
	28	5106	1	10.0
	29	7145	1	15.0
	30	7146	1	10.0
	31	11293	1	15.0
	32	11294	1	10.0
	33	11493	1	15.0
	34	11494	1	10.0
	35	11693	1	15.0
	36	11694	1	10.0
	37	11893	1	15.0
	38	11894	1	10.0
	39	30500	1	40.0
	40	30501	1	40.0
	41	30502	1	40.0
	42	30503	1	40.0
	43	30504	1	40.0
	44	30505	1	40.0
	45	30506	1	40.0
	46	30507	1	40.0
	47	30508	1	40.0
	48	30509	1	40.0
	49	30510	1	40.0
	50	30511	1	40.0
	51	30512	1	40.0
	52	30513	1	40.0
	53	30514	1	40.0
	54	30515	1	40.0
	55	30516	1	40.0
	56	30517	1	40.0
	57	30518	1	40.0
	58	30519	1	40.0
	59	30520	1	40.0
	60	30521	1	40.0
	61	30522	1	40.0
	62	30523	1	40.0
}
Group 낭인족장
{
	type	kill
	mob	3091
	kill_drop	1
	1	30500	1	100	0
	2	30512	1	100	0
}
Group 낭인족장_약초_보상
{
	type	drop
	mob	3091
	1	70015	1	1.0
	2	70012	1	15.0
	3	70038	20	15.0
	4	25040	1	10.0
	5	70048	1	20.0
	6	70037	1	25.0
	7	70014	1	25.0
	8	70043	1	20.0
	9	70005	1	20.0
	10	27002	50	100.0
	11	27003	30	200.0
	12	27005	30	100.0
	13	27006	20	150.0
	14	70014	1	1.0
	15	70037	1	1.0
	16	30197	1	5.0
	17	145	1	15.0
	18	146	1	10.0
	19	155	1	15.0
	20	156	1	10.0
	21	1105	1	15.0
	22	1106	1	10.0
	23	2145	1	15.0
	24	2146	1	10.0
	25	3145	1	15.0
	26	3146	1	10.0
	27	5105	1	15.0
	28	5106	1	10.0
	29	7145	1	15.0
	30	7146	1	10.0
	31	11293	1	15.0
	32	11294	1	10.0
	33	11493	1	15.0
	34	11494	1	10.0
	35	11693	1	15.0
	36	11694	1	10.0
	37	11893	1	15.0
	38	11894	1	10.0
	39	30500	1	40.0
	40	30501	1	40.0
	41	30502	1	40.0
	42	30503	1	40.0
	43	30504	1	40.0
	44	30505	1	40.0
	45	30506	1	40.0
	46	30507	1	40.0
	47	30508	1	40.0
	48	30509	1	40.0
	49	30510	1	40.0
	50	30511	1	40.0
	51	30512	1	40.0
	52	30513	1	40.0
	53	30514	1	40.0
	54	30515	1	40.0
	55	30516	1	40.0
	56	30517	1	40.0
	57	30518	1	40.0
	58	30519	1	40.0
	59	30520	1	40.0
	60	30521	1	40.0
	61	30522	1	40.0
	62	30523	1	40.0
}
Group 외안투귀병
{
	type	kill
	mob	3101
	kill_drop	400
	1	30506	1	100	0
	2	30510	1	100	0
	3	30522	1	100	0
}
Group 외안투귀병_약초
{
	type	drop
	mob	3101
	1	50728	2	1.0
}
Group 외안투귀척후병
{
	type	kill
	mob	3102
	kill_drop	300
	1	30506	1	100	0
	2	30510	1	100	0
	3	30522	1	100	0
}
Group 외안투귀척후병_약초
{
	type	drop
	mob	3102
	1	50721	2	1.0
}
Group 외안투귀법사
{
	type	kill
	mob	3103
	kill_drop	250
	1	30506	1	100	0
	2	30510	1	100	0
	3	30522	1	100	0
}
Group 외안투귀법사_약초
{
	type	drop
	mob	3103
	1	50722	2	1.0
}
Group 외안투귀장군
{
	type	kill
	mob	3104
	kill_drop	200
	1	30506	1	100	0
	2	30510	1	100	0
	3	30522	1	100	0
}
Group 외안투귀장군_약초
{
	type	drop
	mob	3104
	1	50723	2	1.0
}
Group 외안투귀상급장군
{
	type	kill
	mob	3105
	kill_drop	150
	1	30506	1	100	0
	2	30510	1	100	0
	3	30522	1	100	0
}
Group 외안투귀상급장군_약초
{
	type	drop
	mob	3105
	1	50724	2	1.0
}
Group 외안투귀족부족장
{
	type	kill
	mob	3190
	kill_drop	1
	1	30506	1	100	0
	2	30510	1	100	0
	3	30522	1	100	0
}
Group 외안투귀족부족장_약초
{
	type	drop
	mob	3190
	1	50725	1	1.0
	2	70012	1	15.0
	3	70038	20	15.0
	4	25040	1	10.0
	5	70048	1	20.0
	6	70037	1	25.0
	7	70014	1	25.0
	8	70043	1	20.0
	9	70005	1	20.0
	10	27002	50	100.0
	11	27003	30	200.0
	12	27005	30	100.0
	13	27006	20	150.0
	14	70014	1	1.0
	15	70037	1	1.0
	16	50126	1	400.0
	17	145	1	15.0
	18	146	1	10.0
	19	155	1	15.0
	20	156	1	10.0
	21	1105	1	15.0
	22	1106	1	10.0
	23	2145	1	15.0
	24	2146	1	10.0
	25	3145	1	15.0
	26	3146	1	10.0
	27	5105	1	15.0
	28	5106	1	10.0
	29	7145	1	15.0
	30	7146	1	10.0
	31	11293	1	15.0
	32	11294	1	10.0
	33	11493	1	15.0
	34	11494	1	10.0
	35	11693	1	15.0
	36	11694	1	10.0
	37	11893	1	15.0
	38	11894	1	10.0
	39	30500	1	40.0
	40	30501	1	40.0
	41	30502	1	40.0
	42	30503	1	40.0
	43	30504	1	40.0
	44	30505	1	40.0
	45	30506	1	40.0
	46	30507	1	40.0
	47	30508	1	40.0
	48	30509	1	40.0
	49	30510	1	40.0
	50	30511	1	40.0
	51	30512	1	40.0
	52	30513	1	40.0
	53	30514	1	40.0
	54	30515	1	40.0
	55	30516	1	40.0
	56	30517	1	40.0
	57	30518	1	40.0
	58	30519	1	40.0
	59	30520	1	40.0
	60	30521	1	40.0
	61	30522	1	40.0
	62	30523	1	40.0
}
Group 외안투귀족장
{
	type	kill
	mob	3191
	kill_drop	1
	1	30506	1	100	0
	2	30510	1	100	0
	3	30522	1	100	0
}
Group 외안투귀족장_약초
{
	type	drop
	mob	3191
	1	50726	1	1.0
	2	70012	1	15.0
	3	70038	20	15.0
	4	25040	1	10.0
	5	70048	1	20.0
	6	70037	1	25.0
	7	70014	1	25.0
	8	70043	1	20.0
	9	70005	1	20.0
	10	27002	50	100.0
	11	27003	30	200.0
	12	27005	30	100.0
	13	27006	20	150.0
	14	70032	1	1.0
	15	70037	1	1.0
	16	30194	1	5.0
	17	145	1	30.0
	18	146	1	20.0
	19	155	1	30.0
	20	156	1	20.0
	21	1105	1	30.0
	22	1106	1	20.0
	23	2145	1	30.0
	24	2146	1	20.0
	25	3145	1	30.0
	26	3146	1	20.0
	27	5105	1	30.0
	28	5106	1	20.0
	29	7145	1	30.0
	30	7146	1	20.0
	31	11293	1	30.0
	32	11294	1	20.0
	33	11493	1	30.0
	34	11494	1	20.0
	35	11693	1	30.0
	36	11694	1	20.0
	37	11893	1	30.0
	38	11894	1	20.0
	39	30500	1	60.0
	40	30501	1	60.0
	41	30502	1	60.0
	42	30503	1	60.0
	43	30504	1	60.0
	44	30505	1	60.0
	45	30506	1	60.0
	46	30507	1	60.0
	47	30508	1	60.0
	48	30509	1	60.0
	49	30510	1	60.0
	50	30511	1	60.0
	51	30512	1	60.0
	52	30513	1	60.0
	53	30514	1	60.0
	54	30515	1	60.0
	55	30516	1	60.0
	56	30517	1	60.0
	57	30518	1	60.0
	58	30519	1	60.0
	59	30520	1	60.0
	60	30521	1	60.0
	61	30522	1	60.0
	62	30523	1	60.0
}
Group 범익병
{
	type	kill
	mob	3201
	kill_drop	400
	1	30504	1	100	0
	2	30516	1	100	0
	3	30521	1	100	0
}
Group 범익병_약초
{
	type	drop
	mob	3201
	1	50727	2	1.0
}
Group 범익척후병
{
	type	kill
	mob	3202
	kill_drop	300
	1	30504	1	100	0
	2	30516	1	100	0
	3	30521	1	100	0
}
Group 범익척후병_약초
{
	type	drop
	mob	3202
	1	50728	2	1.0
}
Group 범익법사
{
	type	kill
	mob	3203
	kill_drop	250
	1	30504	1	100	0
	2	30516	1	100	0
	3	30521	1	100	0
}
Group 범익법사_약초
{
	type	drop
	mob	3203
	1	50721	2	1.0
}
Group 범익장군
{
	type	kill
	mob	3204
	kill_drop	200
	1	30504	1	100	0
	2	30516	1	100	0
	3	30521	1	100	0
}
Group 범익장군_약초
{
	type	drop
	mob	3204
	1	50722	2	1.0
}
Group 범익상급장군
{
	type	kill
	mob	3205
	kill_drop	150
	1	30504	1	100	0
	2	30516	1	100	0
	3	30521	1	100	0
}
Group 범익상급장군_약초
{
	type	drop
	mob	3205
	1	50723	2	1.0
}
Group 범익족부족장
{
	type	kill
	mob	3290
	kill_drop	1
	1	30504	1	100	0
	2	30516	1	100	0
	3	30521	1	100	0
}
Group 범익족부족장_약초
{
	type	drop
	mob	3290
	1	50724	1	1.0
	2	70012	1	15.0
	3	70038	20	15.0
	4	25040	1	10.0
	5	70048	1	20.0
	6	70037	1	25.0
	7	70014	1	25.0
	8	70043	1	20.0
	9	70005	1	20.0
	10	27002	50	100.0
	11	27003	30	200.0
	12	27005	30	100.0
	13	27006	20	150.0
	14	70014	1	1.0
	15	70037	1	1.0
	16	50127	1	400.0
	17	145	1	15.0
	18	146	1	10.0
	19	155	1	15.0
	20	156	1	10.0
	21	1105	1	15.0
	22	1106	1	10.0
	23	2145	1	15.0
	24	2146	1	10.0
	25	3145	1	15.0
	26	3146	1	10.0
	27	5105	1	15.0
	28	5106	1	10.0
	29	7145	1	15.0
	30	7146	1	10.0
	31	11293	1	15.0
	32	11294	1	10.0
	33	11493	1	15.0
	34	11494	1	10.0
	35	11693	1	15.0
	36	11694	1	10.0
	37	11893	1	15.0
	38	11894	1	10.0
	39	30500	1	40.0
	40	30501	1	40.0
	41	30502	1	40.0
	42	30503	1	40.0
	43	30504	1	40.0
	44	30505	1	40.0
	45	30506	1	40.0
	46	30507	1	40.0
	47	30508	1	40.0
	48	30509	1	40.0
	49	30510	1	40.0
	50	30511	1	40.0
	51	30512	1	40.0
	52	30513	1	40.0
	53	30514	1	40.0
	54	30515	1	40.0
	55	30516	1	40.0
	56	30517	1	40.0
	57	30518	1	40.0
	58	30519	1	40.0
	59	30520	1	40.0
	60	30521	1	40.0
	61	30522	1	40.0
	62	30523	1	40.0
}
Group 범익족장
{
	type	kill
	mob	3291
	kill_drop	1
	1	30504	1	100	0
	2	30516	1	100	0
	3	30521	1	100	0
}
Group 범익족장_약초
{
	type	drop
	mob	3291
	1	50725	1	1.0
	2	70012	1	15.0
	3	70038	20	15.0
	4	25040	1	10.0
	5	70048	1	20.0
	6	70037	1	25.0
	7	70014	1	25.0
	8	70043	1	20.0
	9	70005	1	20.0
	10	27002	50	100.0
	11	27003	30	200.0
	12	27005	30	100.0
	13	27006	20	150.0
	14	70036	1	1.0
	15	70037	1	1.0
	16	30196	1	5.0
	17	145	1	30.0
	18	146	1	20.0
	19	155	1	30.0
	20	156	1	20.0
	21	1105	1	30.0
	22	1106	1	20.0
	23	2145	1	30.0
	24	2146	1	20.0
	25	3145	1	30.0
	26	3146	1	20.0
	27	5105	1	30.0
	28	5106	1	20.0
	29	7145	1	30.0
	30	7146	1	20.0
	31	11293	1	30.0
	32	11294	1	20.0
	33	11493	1	30.0
	34	11494	1	20.0
	35	11693	1	30.0
	36	11694	1	20.0
	37	11893	1	30.0
	38	11894	1	20.0
	39	30500	1	60.0
	40	30501	1	60.0
	41	30502	1	60.0
	42	30503	1	60.0
	43	30504	1	60.0
	44	30505	1	60.0
	45	30506	1	60.0
	46	30507	1	60.0
	47	30508	1	60.0
	48	30509	1	60.0
	49	30510	1	60.0
	50	30511	1	60.0
	51	30512	1	60.0
	52	30513	1	60.0
	53	30514	1	60.0
	54	30515	1	60.0
	55	30516	1	60.0
	56	30517	1	60.0
	57	30518	1	60.0
	58	30519	1	60.0
	59	30520	1	60.0
	60	30521	1	60.0
	61	30522	1	60.0
	62	30523	1	60.0
}
Group 망량병
{
	type	kill
	mob	3301
	kill_drop	400
	1	30503	1	100	0
	2	30509	1	100	0
	3	30513	1	100	0
	4	30523	1	100	0
}
Group 망량병_약초
{
	type	drop
	mob	3301
	1	50726	2	1.0
}
Group 망량척후병
{
	type	kill
	mob	3302
	kill_drop	300
	1	30503	1	100	0
	2	30509	1	100	0
	3	30513	1	100	0
	4	30523	1	100	0
}
Group 망량척후병_약초
{
	type	drop
	mob	3302
	1	50727	2	1.0
}
Group 망량법사
{
	type	kill
	mob	3303
	kill_drop	250
	1	30503	1	100	0
	2	30509	1	100	0
	3	30513	1	100	0
	4	30523	1	100	0
}
Group 망량법사_약초
{
	type	drop
	mob	3303
	1	50728	2	1.0
}
Group 망량장군
{
	type	kill
	mob	3304
	kill_drop	200
	1	30503	1	100	0
	2	30509	1	100	0
	3	30513	1	100	0
	4	30523	1	100	0
}
Group 망량장군_약초
{
	type	drop
	mob	3304
	1	50721	2	1.0
}
Group 망량상급장군
{
	type	kill
	mob	3305
	kill_drop	150
	1	30503	1	100	0
	2	30509	1	100	0
	3	30513	1	100	0
	4	30523	1	100	0
}
Group 망량상급장군_약초
{
	type	drop
	mob	3305
	1	50722	2	1.0
}
Group 망량족부족장
{
	type	kill
	mob	3390
	kill_drop	1
	1	30503	1	100	0
	2	30509	1	100	0
	3	30513	1	100	0
	4	30523	1	100	0
}
Group 망량족부족장_약초
{
	type	drop
	mob	3390
	1	50723	1	1.0
	2	70012	1	15.0
	3	70038	20	15.0
	4	25040	1	10.0
	5	70048	1	20.0
	6	70037	1	25.0
	7	70014	1	25.0
	8	70043	1	20.0
	9	70005	1	20.0
	10	27002	50	100.0
	11	27003	30	200.0
	12	27005	30	100.0
	13	27006	20	150.0
	14	70014	1	1.0
	15	70037	1	1.0
	16	50128	1	400.0
	17	145	1	15.0
	18	146	1	10.0
	19	155	1	15.0
	20	156	1	10.0
	21	1105	1	15.0
	22	1106	1	10.0
	23	2145	1	15.0
	24	2146	1	10.0
	25	3145	1	15.0
	26	3146	1	10.0
	27	5105	1	15.0
	28	5106	1	10.0
	29	7145	1	15.0
	30	7146	1	10.0
	31	11293	1	15.0
	32	11294	1	10.0
	33	11493	1	15.0
	34	11494	1	10.0
	35	11693	1	15.0
	36	11694	1	10.0
	37	11893	1	15.0
	38	11894	1	10.0
	39	30500	1	40.0
	40	30501	1	40.0
	41	30502	1	40.0
	42	30503	1	40.0
	43	30504	1	40.0
	44	30505	1	40.0
	45	30506	1	40.0
	46	30507	1	40.0
	47	30508	1	40.0
	48	30509	1	40.0
	49	30510	1	40.0
	50	30511	1	40.0
	51	30512	1	40.0
	52	30513	1	40.0
	53	30514	1	40.0
	54	30515	1	40.0
	55	30516	1	40.0
	56	30517	1	40.0
	57	30518	1	40.0
	58	30519	1	40.0
	59	30520	1	40.0
	60	30521	1	40.0
	61	30522	1	40.0
	62	30523	1	40.0
}
Group 망량족장
{
	type	kill
	mob	3391
	kill_drop	1
	1	30503	1	100	0
	2	30509	1	100	0
	3	30513	1	100	0
	4	30523	1	100	0
}
Group 망량족장_약초
{
	type	drop
	mob	3391
	1	50724	1	1.0
	2	70012	1	15.0
	3	70038	20	15.0
	4	25040	1	10.0
	5	70048	1	20.0
	6	70037	1	25.0
	7	70014	1	25.0
	8	70043	1	20.0
	9	70005	1	20.0
	10	27002	50	100.0
	11	27003	30	200.0
	12	27005	30	100.0
	13	27006	20	150.0
	14	30198	1	5.0
	15	70037	1	1.0
	16	70034	1	1.0
	17	145	1	30.0
	18	146	1	20.0
	19	155	1	30.0
	20	156	1	20.0
	21	1105	1	30.0
	22	1106	1	20.0
	23	2145	1	30.0
	24	2146	1	20.0
	25	3145	1	30.0
	26	3146	1	20.0
	27	5105	1	30.0
	28	5106	1	20.0
	29	7145	1	30.0
	30	7146	1	20.0
	31	11293	1	30.0
	32	11294	1	20.0
	33	11493	1	30.0
	34	11494	1	20.0
	35	11693	1	30.0
	36	11694	1	20.0
	37	11893	1	30.0
	38	11894	1	20.0
	39	30500	1	60.0
	40	30501	1	60.0
	41	30502	1	60.0
	42	30503	1	60.0
	43	30504	1	60.0
	44	30505	1	60.0
	45	30506	1	60.0
	46	30507	1	60.0
	47	30508	1	60.0
	48	30509	1	60.0
	49	30510	1	60.0
	50	30511	1	60.0
	51	30512	1	60.0
	52	30513	1	60.0
	53	30514	1	60.0
	54	30515	1	60.0
	55	30516	1	60.0
	56	30517	1	60.0
	57	30518	1	60.0
	58	30519	1	60.0
	59	30520	1	60.0
	60	30521	1	60.0
	61	30522	1	60.0
	62	30523	1	60.0
}
Group 어인병
{
	type	kill
	mob	3401
	kill_drop	400
	1	30501	1	100	0
	2	30511	1	100	0
	3	30520	1	100	0
}
Group 어인병_약초
{
	type	drop
	mob	3401
	1	50725	2	1.0
}
Group 어인척후병
{
	type	kill
	mob	3402
	kill_drop	300
	1	30501	1	100	0
	2	30511	1	100	0
	3	30520	1	100	0
}
Group 어인척후병_약초
{
	type	drop
	mob	3402
	1	50726	2	1.0
}
Group 어인법사
{
	type	kill
	mob	3403
	kill_drop	250
	1	30501	1	100	0
	2	30511	1	100	0
	3	30520	1	100	0
}
Group 어인법사_약초
{
	type	drop
	mob	3403
	1	50727	2	1.0
}
Group 어인장군
{
	type	kill
	mob	3404
	kill_drop	200
	1	30501	1	100	0
	2	30511	1	100	0
	3	30520	1	100	0
}
Group 어인장군_약초
{
	type	drop
	mob	3404
	1	50728	2	1.0
}
Group 어인상급장군
{
	type	kill
	mob	3405
	kill_drop	150
	1	30501	1	100	0
	2	30511	1	100	0
	3	30520	1	100	0
}
Group 어인상급장군_약초
{
	type	drop
	mob	3405
	1	50721	2	1.0
}
Group 어인족부족장
{
	type	kill
	mob	3490
	kill_drop	1
	1	30501	1	100	0
	2	30511	1	100	0
	3	30520	1	100	0
}
Group 어인족부족장_약초
{
	type	drop
	mob	3490
	1	50722	1	1.0
	2	70012	1	15.0
	3	70038	20	15.0
	4	25040	1	10.0
	5	70048	1	20.0
	6	70037	1	25.0
	7	70014	1	25.0
	8	70043	1	20.0
	9	70005	1	20.0
	10	27002	50	100.0
	11	27003	30	200.0
	12	27005	30	100.0
	13	27006	20	150.0
	14	70014	1	1.0
	15	70037	1	1.0
	16	50129	1	400.0
	17	145	1	15.0
	18	146	1	10.0
	19	155	1	15.0
	20	156	1	10.0
	21	1105	1	15.0
	22	1106	1	10.0
	23	2145	1	15.0
	24	2146	1	10.0
	25	3145	1	15.0
	26	3146	1	10.0
	27	5105	1	15.0
	28	5106	1	10.0
	29	7145	1	15.0
	30	7146	1	10.0
	31	11293	1	15.0
	32	11294	1	10.0
	33	11493	1	15.0
	34	11494	1	10.0
	35	11693	1	15.0
	36	11694	1	10.0
	37	11893	1	15.0
	38	11894	1	10.0
	39	30500	1	40.0
	40	30501	1	40.0
	41	30502	1	40.0
	42	30503	1	40.0
	43	30504	1	40.0
	44	30505	1	40.0
	45	30506	1	40.0
	46	30507	1	40.0
	47	30508	1	40.0
	48	30509	1	40.0
	49	30510	1	40.0
	50	30511	1	40.0
	51	30512	1	40.0
	52	30513	1	40.0
	53	30514	1	40.0
	54	30515	1	40.0
	55	30516	1	40.0
	56	30517	1	40.0
	57	30518	1	40.0
	58	30519	1	40.0
	59	30520	1	40.0
	60	30521	1	40.0
	61	30522	1	40.0
	62	30523	1	40.0
}
Group 어인족장
{
	type	kill
	mob	3491
	kill_drop	1
	1	30501	1	100	0
	2	30511	1	100	0
	3	30520	1	100	0
}
Group 어인족장_약초
{
	type	drop
	mob	3491
	1	50723	1	1.0
	2	70012	1	15.0
	3	70038	20	15.0
	4	25040	1	10.0
	5	70048	1	20.0
	6	70037	1	25.0
	7	70014	1	25.0
	8	70043	1	20.0
	9	70005	1	20.0
	10	27002	50	100.0
	11	27003	30	200.0
	12	27005	30	100.0
	13	27006	20	150.0
	14	70033	1	1.0
	15	70037	1	1.0
	16	30199	1	4.0
	17	145	1	30.0
	18	146	1	20.0
	19	155	1	30.0
	20	156	1	20.0
	21	1105	1	30.0
	22	1106	1	20.0
	23	2145	1	30.0
	24	2146	1	20.0
	25	3145	1	30.0
	26	3146	1	20.0
	27	5105	1	30.0
	28	5106	1	20.0
	29	7145	1	30.0
	30	7146	1	20.0
	31	11293	1	30.0
	32	11294	1	20.0
	33	11493	1	30.0
	34	11494	1	20.0
	35	11693	1	30.0
	36	11694	1	20.0
	37	11893	1	30.0
	38	11894	1	20.0
	39	30500	1	60.0
	40	30501	1	60.0
	41	30502	1	60.0
	42	30503	1	60.0
	43	30504	1	60.0
	44	30505	1	60.0
	45	30506	1	60.0
	46	30507	1	60.0
	47	30508	1	60.0
	48	30509	1	60.0
	49	30510	1	60.0
	50	30511	1	60.0
	51	30512	1	60.0
	52	30513	1	60.0
	53	30514	1	60.0
	54	30515	1	60.0
	55	30516	1	60.0
	56	30517	1	60.0
	57	30518	1	60.0
	58	30519	1	60.0
	59	30520	1	60.0
	60	30521	1	60.0
	61	30522	1	60.0
	62	30523	1	60.0
}
Group 붉은도적단원
{
	type	kill
	mob	3501
	kill_drop	400
	1	30508	1	100	0
}
Group 붉은도적단원_약초
{
	type	drop
	mob	3501
	1	50724	2	1.0
}
Group 붉은도적단상급단원
{
	type	kill
	mob	3502
	kill_drop	300
	1	30508	1	100	0
}
Group 붉은도적단상급단원_약초
{
	type	drop
	mob	3502
	1	50725	2	1.0
}
Group 붉은도적단법사
{
	type	kill
	mob	3503
	kill_drop	250
	1	30508	1	100	0
}
Group 붉은도적단법사_약초
{
	type	drop
	mob	3503
	1	50726	2	1.0
}
Group 붉은도적단장수
{
	type	kill
	mob	3504
	kill_drop	200
	1	30508	1	100	0
}
Group 붉은도적단장수_약초
{
	type	drop
	mob	3504
	1	50727	2	1.0
}
Group 붉은도적단상급장군
{
	type	kill
	mob	3505
	kill_drop	150
	1	30508	1	100	0
}
Group 붉은도적단상급장군_약초
{
	type	drop
	mob	3505
	1	50728	2	1.0
}
Group 진붉은도적단원
{
	type	kill
	mob	3551
	kill_drop	400
	1	30508	1	100	0
	2	30513	1	100	0
	3	30519	1	100	0
}
Group 진붉은도적단원_약초
{
	type	drop
	mob	3551
	1	50721	2	1.0
}
Group 진붉은도적단상급단원
{
	type	kill
	mob	3552
	kill_drop	300
	1	30508	1	100	0
	2	30513	1	100	0
	3	30519	1	100	0
}
Group 진붉은도적단상급단원_약초
{
	type	drop
	mob	3552
	1	50722	2	1.0
}
Group 진붉은도적단법사
{
	type	kill
	mob	3553
	kill_drop	250
	1	30508	1	100	0
	2	30513	1	100	0
	3	30519	1	100	0
}
Group 진붉은도적단법사_약초
{
	type	drop
	mob	3553
	1	50723	2	1.0
}
Group 진붉은도적단장수
{
	type	kill
	mob	3554
	kill_drop	200
	1	30508	1	100	0
	2	30513	1	100	0
	3	30519	1	100	0
}
Group 진붉은도적단장수_약초
{
	type	drop
	mob	3554
	1	50724	2	1.0
}
Group 진붉은도적단상급장군
{
	type	kill
	mob	3555
	kill_drop	150
	1	30508	1	100	0
	2	30513	1	100	0
	3	30519	1	100	0
}
Group 진붉은도적단상급장군_약초
{
	type	drop
	mob	3555
	1	50725	2	1.0
}
Group 붉은도적단부단장
{
	type	kill
	mob	3590
	kill_drop	1
	1	30508	1	100	0
}
Group 붉은도적단부단장_약초
{
	type	drop
	mob	3590
	1	50726	1	1.0
	2	70012	1	15.0
	3	70038	20	15.0
	4	25040	1	10.0
	5	70048	1	20.0
	6	70037	1	25.0
	7	70014	1	25.0
	8	70043	1	20.0
	9	70005	1	20.0
	10	27002	50	100.0
	11	27003	30	200.0
	12	27005	30	100.0
	13	27006	20	150.0
	14	70014	1	1.0
	15	70037	1	1.0
	16	50254	1	400.0
	17	145	1	30.0
	18	146	1	20.0
	19	155	1	30.0
	20	156	1	20.0
	21	1105	1	30.0
	22	1106	1	20.0
	23	2145	1	30.0
	24	2146	1	20.0
	25	3145	1	30.0
	26	3146	1	20.0
	27	5105	1	30.0
	28	5106	1	20.0
	29	7145	1	30.0
	30	7146	1	20.0
	31	11293	1	30.0
	32	11294	1	20.0
	33	11493	1	30.0
	34	11494	1	20.0
	35	11693	1	30.0
	36	11694	1	20.0
	37	11893	1	30.0
	38	11894	1	20.0
	39	30500	1	60.0
	40	30501	1	60.0
	41	30502	1	60.0
	42	30503	1	60.0
	43	30504	1	60.0
	44	30505	1	60.0
	45	30506	1	60.0
	46	30507	1	60.0
	47	30508	1	60.0
	48	30509	1	60.0
	49	30510	1	60.0
	50	30511	1	60.0
	51	30512	1	60.0
	52	30513	1	60.0
	53	30514	1	60.0
	54	30515	1	60.0
	55	30516	1	60.0
	56	30517	1	60.0
	57	30518	1	60.0
	58	30519	1	60.0
	59	30520	1	60.0
	60	30521	1	60.0
	61	30522	1	60.0
	62	30523	1	60.0
}
Group 붉은도적단단장
{
	type	kill
	mob	3591
	kill_drop	1
	1	30508	1	100	0
}
Group 붉은도적단단장_약초
{
	type	drop
	mob	3591
	1	50727	1	1.0
	2	70012	1	15.0
	3	70038	20	15.0
	4	25040	1	10.0
	5	70048	1	20.0
	6	70037	1	25.0
	7	70014	1	25.0
	8	70043	1	20.0
	9	70005	1	20.0
	10	27002	50	100.0
	11	27003	30	200.0
	12	27005	30	100.0
	13	27006	20	150.0
	14	70014	1	1.0
	15	70037	1	1.0
	16	30195	1	5.0
	17	145	1	30.0
	18	146	1	20.0
	19	155	1	30.0
	20	156	1	20.0
	21	1105	1	30.0
	22	1106	1	20.0
	23	2145	1	30.0
	24	2146	1	20.0
	25	3145	1	30.0
	26	3146	1	20.0
	27	5105	1	30.0
	28	5106	1	20.0
	29	7145	1	30.0
	30	7146	1	20.0
	31	11293	1	30.0
	32	11294	1	20.0
	33	11493	1	30.0
	34	11494	1	20.0
	35	11693	1	30.0
	36	11694	1	20.0
	37	11893	1	30.0
	38	11894	1	20.0
	39	30500	1	60.0
	40	30501	1	60.0
	41	30502	1	60.0
	42	30503	1	60.0
	43	30504	1	60.0
	44	30505	1	60.0
	45	30506	1	60.0
	46	30507	1	60.0
	47	30508	1	60.0
	48	30509	1	60.0
	49	30510	1	60.0
	50	30511	1	60.0
	51	30512	1	60.0
	52	30513	1	60.0
	53	30514	1	60.0
	54	30515	1	60.0
	55	30516	1	60.0
	56	30517	1	60.0
	57	30518	1	60.0
	58	30519	1	60.0
	59	30520	1	60.0
	60	30521	1	60.0
	61	30522	1	60.0
	62	30523	1	60.0
}
Group 갑각충
{
	type	kill
	mob	3601
	kill_drop	400
	1	30505	1	100	0
	2	30515	1	100	0
}
Group 갑각충_약초
{
	type	drop
	mob	3601
	1	50722	2	1.0
}
Group 갑각투충
{
	type	kill
	mob	3602
	kill_drop	300
	1	30505	1	100	0
	2	30515	1	100	0
}
Group 갑각투충_약초
{
	type	drop
	mob	3602
	1	50723	2	1.0
}
Group 갑각구충
{
	type	kill
	mob	3603
	kill_drop	250
	1	30505	1	100	0
	2	30515	1	100	0
}
Group 갑각구충_약초
{
	type	drop
	mob	3603
	1	50724	2	1.0
}
Group 갑각방충
{
	type	kill
	mob	3604
	kill_drop	200
	1	30505	1	100	0
	2	30515	1	100	0
}
Group 갑각방충_약초
{
	type	drop
	mob	3604
	1	50725	2	1.0
}
Group 갑각신충
{
	type	kill
	mob	3605
	kill_drop	150
	1	30505	1	100	0
	2	30515	1	100	0
}
Group 갑각신충_약초
{
	type	drop
	mob	3605
	1	50726	2	1.0
}
Group 거대갑각투신충
{
	type	kill
	mob	3690
	kill_drop	1
	1	30505	1	100	0
	2	30515	1	100	0
}
Group 거대갑각투신충_약초
{
	type	drop
	mob	3690
	1	50727	1	1.0
	2	70012	1	15.0
	3	70038	20	15.0
	4	25040	1	10.0
	5	70048	1	20.0
	6	70037	1	25.0
	7	70014	1	25.0
	8	70043	1	20.0
	9	70005	1	20.0
	10	27002	50	100.0
	11	27003	30	200.0
	12	27005	30	100.0
	13	27006	20	150.0
	14	70014	1	1.0
	15	70037	1	1.0
	16	50132	1	400.0
	17	145	1	15.0
	18	146	1	10.0
	19	155	1	15.0
	20	156	1	10.0
	21	1105	1	15.0
	22	1106	1	10.0
	23	2145	1	15.0
	24	2146	1	10.0
	25	3145	1	15.0
	26	3146	1	10.0
	27	5105	1	15.0
	28	5106	1	10.0
	29	7145	1	15.0
	30	7146	1	10.0
	31	11293	1	15.0
	32	11294	1	10.0
	33	11493	1	15.0
	34	11494	1	10.0
	35	11693	1	15.0
	36	11694	1	10.0
	37	11893	1	15.0
	38	11894	1	10.0
	39	30500	1	40.0
	40	30501	1	40.0
	41	30502	1	40.0
	42	30503	1	40.0
	43	30504	1	40.0
	44	30505	1	40.0
	45	30506	1	40.0
	46	30507	1	40.0
	47	30508	1	40.0
	48	30509	1	40.0
	49	30510	1	40.0
	50	30511	1	40.0
	51	30512	1	40.0
	52	30513	1	40.0
	53	30514	1	40.0
	54	30515	1	40.0
	55	30516	1	40.0
	56	30517	1	40.0
	57	30518	1	40.0
	58	30519	1	40.0
	59	30520	1	40.0
	60	30521	1	40.0
	61	30522	1	40.0
	62	30523	1	40.0
}
Group 대왕투귀충
{
	type	kill
	mob	3691
	kill_drop	1
	1	30505	1	100	0
	2	30515	1	100	0
}
Group 대왕투귀충_약초
{
	type	drop
	mob	3691
	1	70033	1	5.0
	2	70012	1	15.0
	3	70038	20	15.0
	4	25040	1	10.0
	5	70048	1	20.0
	6	70037	1	25.0
	7	70014	1	25.0
	8	70043	1	20.0
	9	70005	1	20.0
	10	27002	50	100.0
	11	27003	30	200.0
	12	27005	30	100.0
	13	27006	20	150.0
	14	70014	1	1.0
	15	70037	1	1.0
	16	30198	1	5.0
	17	145	1	30.0
	18	146	1	20.0
	19	155	1	30.0
	20	156	1	20.0
	21	1105	1	30.0
	22	1106	1	20.0
	23	2145	1	30.0
	24	2146	1	20.0
	25	3145	1	30.0
	26	3146	1	20.0
	27	5105	1	30.0
	28	5106	1	20.0
	29	7145	1	30.0
	30	7146	1	20.0
	31	11293	1	30.0
	32	11294	1	20.0
	33	11493	1	30.0
	34	11494	1	20.0
	35	11693	1	30.0
	36	11694	1	20.0
	37	11893	1	30.0
	38	11894	1	20.0
	39	30500	1	60.0
	40	30501	1	60.0
	41	30502	1	60.0
	42	30503	1	60.0
	43	30504	1	60.0
	44	30505	1	60.0
	45	30506	1	60.0
	46	30507	1	60.0
	47	30508	1	60.0
	48	30509	1	60.0
	49	30510	1	60.0
	50	30511	1	60.0
	51	30512	1	60.0
	52	30513	1	60.0
	53	30514	1	60.0
	54	30515	1	60.0
	55	30516	1	60.0
	56	30517	1	60.0
	57	30518	1	60.0
	58	30519	1	60.0
	59	30520	1	60.0
	60	30521	1	60.0
	61	30522	1	60.0
	62	30523	1	60.0
}
Group 거인병
{
	type	kill
	mob	3701
	kill_drop	400
	1	30502	1	100	0
	2	30514	1	100	0
	3	30518	1	100	0
}
Group 거인병_약초
{
	type	drop
	mob	3701
	1	50721	2	1.0
}
Group 거인척후병
{
	type	kill
	mob	3702
	kill_drop	300
	1	30502	1	100	0
	2	30514	1	100	0
	3	30518	1	100	0
}
Group 거인척후병_약초
{
	type	drop
	mob	3702
	1	50722	2	1.0
}
Group 거인법사
{
	type	kill
	mob	3703
	kill_drop	250
	1	30502	1	100	0
	2	30514	1	100	0
	3	30518	1	100	0
}
Group 거인법사_약초
{
	type	drop
	mob	3703
	1	50723	2	1.0
}
Group 거인장군
{
	type	kill
	mob	3704
	kill_drop	200
	1	30502	1	100	0
	2	30514	1	100	0
	3	30518	1	100	0
}
Group 거인장군_약초
{
	type	drop
	mob	3704
	1	50724	2	1.0
}
Group 거인상급장군
{
	type	kill
	mob	3705
	kill_drop	150
	1	30502	1	100	0
	2	30514	1	100	0
	3	30518	1	100	0
}
Group 거인상급장군_약초
{
	type	drop
	mob	3705
	1	50725	2	1.0
}
Group 거인족부족장
{
	type	kill
	mob	3790
	kill_drop	1
	1	30502	1	100	0
	2	30514	1	100	0
	3	30518	1	100	0
}
Group 거인족부족장_약초_보상
{
	type	drop
	mob	3790
	1	50726	1	1.0
	2	70012	1	15.0
	3	70038	20	15.0
	4	25040	1	10.0
	5	70048	1	20.0
	6	70037	1	25.0
	7	70014	1	25.0
	8	70043	1	20.0
	9	70005	1	20.0
	10	27002	50	100.0
	11	27003	30	200.0
	12	27005	30	100.0
	13	27006	20	150.0
	14	70014	1	1.0
	15	70037	1	1.0
	16	50133	1	400.0
	17	145	1	15.0
	18	146	1	10.0
	19	155	1	15.0
	20	156	1	10.0
	21	1105	1	15.0
	22	1106	1	10.0
	23	2145	1	15.0
	24	2146	1	10.0
	25	3145	1	15.0
	26	3146	1	10.0
	27	5105	1	15.0
	28	5106	1	10.0
	29	7145	1	15.0
	30	7146	1	10.0
	31	11293	1	15.0
	32	11294	1	10.0
	33	11493	1	15.0
	34	11494	1	10.0
	35	11693	1	15.0
	36	11694	1	10.0
	37	11893	1	15.0
	38	11894	1	10.0
	39	30500	1	40.0
	40	30501	1	40.0
	41	30502	1	40.0
	42	30503	1	40.0
	43	30504	1	40.0
	44	30505	1	40.0
	45	30506	1	40.0
	46	30507	1	40.0
	47	30508	1	40.0
	48	30509	1	40.0
	49	30510	1	40.0
	50	30511	1	40.0
	51	30512	1	40.0
	52	30513	1	40.0
	53	30514	1	40.0
	54	30515	1	40.0
	55	30516	1	40.0
	56	30517	1	40.0
	57	30518	1	40.0
	58	30519	1	40.0
	59	30520	1	40.0
	60	30521	1	40.0
	61	30522	1	40.0
	62	30523	1	40.0
}
Group 거인족장
{
	type	kill
	mob	3791
	kill_drop	1
	1	30502	1	100	0
	2	30514	1	100	0
	3	30518	1	100	0
}
Group 거인족장_약초_보상
{
	type	drop
	mob	3791
	1	70034	1	5.0
	2	70012	1	15.0
	3	70038	20	15.0
	4	25040	1	10.0
	5	70048	1	20.0
	6	70037	1	25.0
	7	70014	1	25.0
	8	70043	1	20.0
	9	70005	1	20.0
	10	27002	50	100.0
	11	27003	30	200.0
	12	27005	30	100.0
	13	27006	20	150.0
	14	70014	1	1.0
	15	70037	1	1.0
	16	30197	1	10.0
	17	145	1	30.0
	18	146	1	20.0
	19	155	1	30.0
	20	156	1	20.0
	21	1105	1	30.0
	22	1106	1	20.0
	23	2145	1	30.0
	24	2146	1	20.0
	25	3145	1	30.0
	26	3146	1	20.0
	27	5105	1	30.0
	28	5106	1	20.0
	29	7145	1	30.0
	30	7146	1	20.0
	31	11293	1	30.0
	32	11294	1	20.0
	33	11493	1	30.0
	34	11494	1	20.0
	35	11693	1	30.0
	36	11694	1	20.0
	37	11893	1	30.0
	38	11894	1	20.0
	39	30500	1	60.0
	40	30501	1	60.0
	41	30502	1	60.0
	42	30503	1	60.0
	43	30504	1	60.0
	44	30505	1	60.0
	45	30506	1	60.0
	46	30507	1	60.0
	47	30508	1	60.0
	48	30509	1	60.0
	49	30510	1	60.0
	50	30511	1	60.0
	51	30512	1	60.0
	52	30513	1	60.0
	53	30514	1	60.0
	54	30515	1	60.0
	55	30516	1	60.0
	56	30517	1	60.0
	57	30518	1	60.0
	58	30519	1	60.0
	59	30520	1	60.0
	60	30521	1	60.0
	61	30522	1	60.0
	62	30523	1	60.0
}
Group 저인병
{
	type	kill
	mob	3801
	kill_drop	400
	1	30507	1	100	0
	2	30517	1	100	0
	3	30519	1	100	0
}
Group 저인병_약초
{
	type	drop
	mob	3801
	1	50728	2	1.0
}
Group 저인궁사
{
	type	kill
	mob	3802
	kill_drop	300
	1	30507	1	100	0
	2	30517	1	100	0
	3	30519	1	100	0
}
Group 저인궁사_약초
{
	type	drop
	mob	3802
	1	50721	2	1.0
}
Group 저인척후병
{
	type	kill
	mob	3803
	kill_drop	250
	1	30507	1	100	0
	2	30517	1	100	0
	3	30519	1	100	0
}
Group 저인척후병_약초
{
	type	drop
	mob	3803
	1	50722	2	1.0
}
Group 저인법사
{
	type	kill
	mob	3804
	kill_drop	200
	1	30507	1	100	0
	2	30517	1	100	0
	3	30519	1	100	0
}
Group 저인법사_약초
{
	type	drop
	mob	3804
	1	50723	2	1.0
}
Group 저인상급장군
{
	type	kill
	mob	3805
	kill_drop	150
	1	30507	1	100	0
	2	30517	1	100	0
	3	30519	1	100	0
}
Group 저인상급장군_약초
{
	type	drop
	mob	3805
	1	50724	2	1.0
}
Group 저인족부족장
{
	type	kill
	mob	3890
	kill_drop	1
	1	30507	1	100	0
	2	30517	1	100	0
	3	30519	1	100	0
}
Group 저인족부족장_약초_보상
{
	type	drop
	mob	3890
	1	50725	1	1.0
	2	70012	1	15.0
	3	70038	20	15.0
	4	25040	1	10.0
	5	70048	1	20.0
	6	70037	1	25.0
	7	70014	1	25.0
	8	70043	1	20.0
	9	70005	1	20.0
	10	27002	50	100.0
	11	27003	30	200.0
	12	27005	30	100.0
	13	27006	20	150.0
	14	70014	1	1.0
	15	70037	1	1.0
	16	50134	1	400.0
	17	145	1	15.0
	18	146	1	10.0
	19	155	1	15.0
	20	156	1	10.0
	21	1105	1	15.0
	22	1106	1	10.0
	23	2145	1	15.0
	24	2146	1	10.0
	25	3145	1	15.0
	26	3146	1	10.0
	27	5105	1	15.0
	28	5106	1	10.0
	29	7145	1	15.0
	30	7146	1	10.0
	31	11293	1	15.0
	32	11294	1	10.0
	33	11493	1	15.0
	34	11494	1	10.0
	35	11693	1	15.0
	36	11694	1	10.0
	37	11893	1	15.0
	38	11894	1	10.0
	39	30500	1	40.0
	40	30501	1	40.0
	41	30502	1	40.0
	42	30503	1	40.0
	43	30504	1	40.0
	44	30505	1	40.0
	45	30506	1	40.0
	46	30507	1	40.0
	47	30508	1	40.0
	48	30509	1	40.0
	49	30510	1	40.0
	50	30511	1	40.0
	51	30512	1	40.0
	52	30513	1	40.0
	53	30514	1	40.0
	54	30515	1	40.0
	55	30516	1	40.0
	56	30517	1	40.0
	57	30518	1	40.0
	58	30519	1	40.0
	59	30520	1	40.0
	60	30521	1	40.0
	61	30522	1	40.0
	62	30523	1	40.0
}
Group 저인족장
{
	type	kill
	mob	3891
	kill_drop	1
	1	30507	1	100	0
	2	30517	1	100	0
	3	30519	1	100	0
}
Group 저인족장_약초_보상
{
	type	drop
	mob	3891
	1	70036	1	5.0
	2	70012	1	15.0
	3	70038	20	15.0
	4	25040	1	10.0
	5	70048	1	20.0
	6	70037	1	25.0
	7	70014	1	25.0
	8	70043	1	20.0
	9	70005	1	20.0
	10	27002	50	100.0
	11	27003	30	200.0
	12	27005	30	100.0
	13	50300	1	400.0
	14	70014	1	1.0
	15	70037	1	1.0
	16	30199	1	10.0
	17	145	1	30.0
	18	146	1	20.0
	19	155	1	30.0
	20	156	1	20.0
	21	1105	1	30.0
	22	1106	1	20.0
	23	2145	1	30.0
	24	2146	1	20.0
	25	3145	1	30.0
	26	3146	1	20.0
	27	5105	1	30.0
	28	5106	1	20.0
	29	7145	1	30.0
	30	7146	1	20.0
	31	11293	1	30.0
	32	11294	1	20.0
	33	11493	1	30.0
	34	11494	1	20.0
	35	11693	1	30.0
	36	11694	1	20.0
	37	11893	1	30.0
	38	11894	1	20.0
	39	30500	1	60.0
	40	30501	1	60.0
	41	30502	1	60.0
	42	30503	1	60.0
	43	30504	1	60.0
	44	30505	1	60.0
	45	30506	1	60.0
	46	30507	1	60.0
	47	30508	1	60.0
	48	30509	1	60.0
	49	30510	1	60.0
	50	30511	1	60.0
	51	30512	1	60.0
	52	30513	1	60.0
	53	30514	1	60.0
	54	30515	1	60.0
	55	30516	1	60.0
	56	30517	1	60.0
	57	30518	1	60.0
	58	30519	1	60.0
	59	30520	1	60.0
	60	30521	1	60.0
	61	30522	1	60.0
	62	30523	1	60.0
}
Group 해태
{
	type	kill
	mob	5002
	kill_drop	1
	1	134	1	46	30
	2	135	1	20	30
	3	1094	1	46	30
	4	1095	1	20	30
	5	3124	1	46	30
	6	3125	1	20	30
	7	2124	1	46	30
	8	2125	1	20	30
	9	5084	1	46	30
	10	5085	1	20	30
	11	7124	1	46	30
	12	7125	1	20	30
	13	11263	1	46	30
	14	11264	1	20	30
	15	11463	1	46	30
	16	11464	1	20	30
	17	11663	1	46	30
	18	11664	1	20	30
	19	11863	1	46	30
	20	11864	1	20	30
	21	13203	1	46	30
	22	13204	1	20	30
	23	70038	1	40	0
	24	70048	1	40	0
	25	70050	1	40	0
	26	70051	1	40	0
	27	70012	1	40	0
	28	70037	1	40	0
	29	70014	1	40	0
	30	25040	1	40	0
}
Group 해태
{
	type	drop
	mob	5002
	1	27002	100	400.0
	2	27003	50	400.0
	3	27005	100	400.0
	4	27006	50	400.0
}
Group 이벤트용_다나까
{
	type	kill
	mob	5004
	kill_drop	1
	1	30202	1	1	0
}
Group 하선동_원숭이
{
	type	kill
	mob	5101
	kill_drop	550
	1	50050	1	20	0
}
Group 하선동원병
{
	type	drop
	mob	5101
	1	50722	1	2.0
}
Group 하선동_원숭이
{
	type	kill
	mob	5102
	kill_drop	250
	1	50050	1	20	0
}
Group 하선동_원숭이
{
	type	kill
	mob	5103
	kill_drop	250
	1	5042	1	65	10
	2	82	1	65	10
	3	83	1	35	10
	4	5032	1	35	10
	5	50050	1	100	0
}
Group 하선동_원숭이
{
	type	kill
	mob	5104
	kill_drop	100
	1	7073	1	20	10
	2	7053	1	20	10
	3	4023	1	20	10
	4	1043	1	20	10
	5	50050	1	20	0
}
Group 하선동원장수
{
	type	drop
	mob	5104
	1	50721	1	1.0
}
Group 중선동_원숭이
{
	type	kill
	mob	5111
	kill_drop	550
	1	50050	1	20	0
}
Group 중선동원병
{
	type	drop
	mob	5111
	1	50723	1	2.0
}
Group 중선동_원숭이
{
	type	kill
	mob	5112
	kill_drop	300
	1	50050	1	20	0
}
Group 중선동_원숭이
{
	type	kill
	mob	5113
	kill_drop	250
	1	7083	1	20	10
	2	5053	1	10	10
	3	50050	1	30	0
}
Group 중선동_원숭이
{
	type	kill
	mob	5114
	kill_drop	100
	1	93	1	20	20
	2	1053	1	20	20
	3	50050	1	40	0
}
Group 중선동원장수
{
	type	drop
	mob	5114
	1	50722	1	1.0
}
Group 중선동_돌원숭이
{
	type	kill
	mob	5115
	kill_drop	100
	1	3083	1	20	20
	2	50050	1	20	0
}
Group 중선동돌원숭이
{
	type	drop
	mob	5115
	1	50725	1	1.0
}
Group 중선동대장원숭이
{
	type	drop
	mob	5116
	1	50726	1	1.0
}
Group 상선동_원숭이
{
	type	kill
	mob	5121
	kill_drop	550
	1	50050	1	20	0
}
Group 상선동원병
{
	type	drop
	mob	5121
	1	50726	1	1.0
}
Group 상선동_원숭이
{
	type	kill
	mob	5122
	kill_drop	300
	1	50050	1	20	0
}
Group 상선동투마원병
{
	type	drop
	mob	5122
	1	50723	1	1.0
}
Group 상선동_원숭이
{
	type	kill
	mob	5123
	kill_drop	250
	1	7103	1	20	10
	2	50050	1	20	0
}
Group 상선동_원숭이
{
	type	kill
	mob	5124
	kill_drop	100
	1	5073	1	20	10
	2	50050	1	20	0
}
Group 상선동_돌원숭이
{
	type	kill
	mob	5125
	kill_drop	80
	1	113	1	65	10
	2	114	1	35	10
	3	50050	1	100	0
}
Group 상선동돌원숭이
{
	type	drop
	mob	5125
	1	50724	1	1.0
}
Group 상선동_금원숭이
{
	type	kill
	mob	5126
	kill_drop	30
	1	3113	1	65	10
	2	3114	1	35	10
	3	50050	1	100	0
}
Group 상선동금원숭이
{
	type	drop
	mob	5126
	1	50721	1	2.0
}
Group 상선동대장원숭이
{
	type	drop
	mob	5127
	1	50722	1	2.0
}
Group 이산대성
{
	type	kill
	mob	5161
	kill_drop	10
	1	74	1	10	30
	2	1034	1	10	30
	3	2064	1	10	30
	4	3064	1	10	30
	5	5044	1	10	30
	6	7064	1	10	30
}
Group 이산대성
{
	type	drop
	mob	5161
	1	50057	1	200.0
}
Group 통천대성
{
	type	kill
	mob	5162
	kill_drop	10
	1	104	1	10	30
	2	1064	1	10	30
	3	2094	1	10	30
	4	3094	1	10	30
	5	5064	1	10	30
	6	7094	1	10	30
	7	11253	1	10	30
	8	11453	1	10	30
	9	11653	1	10	30
	10	11853	1	10	30
}
Group 통천대성
{
	type	drop
	mob	5162
	1	50058	1	200.0
}
Group 제천대성
{
	type	kill
	mob	5163
	kill_drop	10
	1	134	1	10	30
	2	1094	1	10	30
	3	2124	1	10	30
	4	5084	1	10	30
	5	3124	1	10	30
	6	7124	1	10	30
	7	11272	1	10	30
	8	11472	1	10	30
	9	11672	1	10	30
	10	11872	1	10	30
}
Group 제천대성
{
	type	drop
	mob	5163
	1	50059	1	200.0
}
Group 비마석
{
	type	drop
	mob	8001
	1	20	1	20.0
	2	4000	1	20.0
	3	3010	1	20.0
	4	2010	1	20.0
	5	7010	1	20.0
	6	11200	1	20.0
	7	11400	1	20.0
	8	11600	1	20.0
	9	22	1	15.0
	10	4002	1	15.0
	11	3012	1	15.0
	12	2012	1	15.0
	13	7012	1	15.0
	14	11202	1	15.0
	15	11402	1	15.0
	16	11602	1	15.0
	17	11802	1	15.0
	18	27002	50	100.0
	19	27003	30	50.0
	20	27005	30	50.0
	21	27006	20	50.0
	22	50300	1	100.0
}
Group 전마석
{
	type	drop
	mob	8002
	1	5000	1	20.0
	2	11210	1	20.0
	3	11410	1	20.0
	4	11610	1	20.0
	5	11810	1	20.0
	6	30	1	20.0
	7	1010	1	20.0
	8	3020	1	20.0
	9	2020	1	20.0
	10	7020	1	20.0
	11	5001	1	15.0
	12	11211	1	15.0
	13	11411	1	15.0
	14	11611	1	15.0
	15	11811	1	15.0
	16	31	1	15.0
	17	1011	1	15.0
	18	3021	1	15.0
	19	2021	1	15.0
	20	7021	1	15.0
	21	5002	1	10.0
	22	11212	1	10.0
	23	11412	1	10.0
	24	11612	1	10.0
	25	11812	1	10.0
	26	32	1	5.0
	27	1012	1	5.0
	28	3022	1	5.0
	29	2022	1	5.0
	30	7022	1	5.0
	31	27002	50	100.0
	32	27003	30	50.0
	33	27005	30	50.0
	34	27006	20	50.0
	35	50300	1	150.0
}
Group 투마석
{
	type	drop
	mob	8003
	1	40	1	20.0
	2	4010	1	20.0
	3	3030	1	20.0
	4	2030	1	20.0
	5	7030	1	20.0
	6	5011	1	20.0
	7	11210	1	20.0
	8	11410	1	20.0
	9	11610	1	20.0
	10	11810	1	20.0
	11	41	1	10.0
	12	4011	1	10.0
	13	3031	1	10.0
	14	2031	1	10.0
	15	7031	1	10.0
	16	5010	1	10.0
	17	11211	1	15.0
	18	11411	1	15.0
	19	11611	1	15.0
	20	11811	1	15.0
	21	42	1	5.0
	22	4012	1	5.0
	23	3032	1	5.0
	24	2032	1	5.0
	25	7032	1	5.0
	26	5011	1	5.0
	27	11212	1	10.0
	28	11412	1	10.0
	29	11612	1	10.0
	30	11812	1	10.0
	31	27002	50	100.0
	32	27003	30	50.0
	33	27005	30	50.0
	34	27006	20	50.0
	35	50300	1	150.0
}
Group 욕마석
{
	type	drop
	mob	8004
	1	50	1	20.0
	2	1020	1	20.0
	3	3040	1	20.0
	4	2040	1	20.0
	5	5021	1	20.0
	6	7041	1	20.0
	7	51	1	15.0
	8	1021	1	15.0
	9	3041	1	15.0
	10	2041	1	15.0
	11	5020	1	15.0
	12	7041	1	15.0
	13	3042	1	10.0
	14	2042	1	10.0
	15	5021	1	10.0
	16	7041	1	10.0
	17	11220	1	15.0
	18	11420	1	15.0
	19	11620	1	15.0
	20	11820	1	15.0
	21	11221	1	10.0
	22	11421	1	10.0
	23	11621	1	10.0
	24	11821	1	10.0
	25	27002	50	100.0
	26	27003	30	50.0
	27	27005	30	50.0
	28	27006	20	50.0
	29	50300	1	150.0
	30	70014	1	1.0
	31	70037	1	1.0
}
Group 흑마석
{
	type	drop
	mob	8005
	1	60	1	20.0
	2	4020	1	20.0
	3	3050	1	20.0
	4	2050	1	20.0
	5	7050	1	20.0
	6	61	1	15.0
	7	4021	1	15.0
	8	3051	1	15.0
	9	2051	1	15.0
	10	7051	1	15.0
	11	62	1	10.0
	12	4022	1	10.0
	13	3052	1	10.0
	14	2052	1	10.0
	15	7052	1	10.0
	16	11220	1	20.0
	17	11420	1	20.0
	18	11620	1	20.0
	19	11820	1	20.0
	20	11221	1	15.0
	21	11421	1	15.0
	22	11621	1	15.0
	23	11821	1	15.0
	24	11222	1	10.0
	25	11422	1	10.0
	26	11622	1	10.0
	27	11822	1	10.0
	28	27002	50	150.0
	29	27003	30	100.0
	30	27005	30	150.0
	31	27006	20	100.0
	32	50300	1	150.0
	33	70014	1	1.0
	34	70037	1	1.0
}
Group 암마석
{
	type	drop
	mob	8006
	1	70	1	20.0
	2	1030	1	20.0
	3	3060	1	20.0
	4	2060	1	20.0
	5	7060	1	20.0
	6	5030	1	20.0
	7	71	1	15.0
	8	1031	1	15.0
	9	3061	1	15.0
	10	2061	1	15.0
	11	7061	1	15.0
	12	5030	1	20.0
	13	11230	1	20.0
	14	11430	1	20.0
	15	11630	1	20.0
	16	11830	1	20.0
	17	72	1	10.0
	18	1032	1	10.0
	19	3062	1	10.0
	20	2062	1	10.0
	21	7062	1	10.0
	22	5031	1	10.0
	23	11231	1	10.0
	24	11431	1	10.0
	25	11631	1	10.0
	26	11831	1	10.0
	27	27002	50	150.0
	28	27003	30	100.0
	29	27005	30	150.0
	30	27006	20	100.0
	31	50300	1	200.0
	32	70014	1	1.0
	33	70037	1	1.0
}
Group 질마석
{
	type	drop
	mob	8007
	1	11230	1	20.0
	2	11430	1	20.0
	3	11630	1	20.0
	4	11830	1	20.0
	5	80	1	20.0
	6	1040	1	20.0
	7	3070	1	20.0
	8	2070	1	20.0
	9	7070	1	20.0
	10	5040	1	20.0
	11	11231	1	15.0
	12	11431	1	15.0
	13	11631	1	15.0
	14	11831	1	15.0
	15	81	1	15.0
	16	1041	1	15.0
	17	3071	1	15.0
	18	2071	1	15.0
	19	7071	1	15.0
	20	5041	1	15.0
	21	11232	1	10.0
	22	11432	1	10.0
	23	11632	1	10.0
	24	11832	1	10.0
	25	27002	50	150.0
	26	27003	30	100.0
	27	27005	30	150.0
	28	27006	20	100.0
	29	50300	1	200.0
	30	70014	1	1.0
	31	70037	1	1.0
}
Group 혼마석
{
	type	drop
	mob	8008
	1	11240	1	20.0
	2	11440	1	20.0
	3	11640	1	20.0
	4	11840	1	20.0
	5	90	1	20.0
	6	1050	1	20.0
	7	3080	1	20.0
	8	2080	1	20.0
	9	7080	1	20.0
	10	5050	1	20.0
	11	11241	1	15.0
	12	11441	1	15.0
	13	11641	1	15.0
	14	11841	1	15.0
	15	91	1	15.0
	16	1051	1	15.0
	17	3081	1	15.0
	18	2081	1	15.0
	19	7081	1	15.0
	20	5051	1	15.0
	21	11242	1	10.0
	22	11442	1	10.0
	23	11642	1	10.0
	24	11842	1	10.0
	25	27002	50	150.0
	26	27003	30	100.0
	27	27005	30	150.0
	28	27006	20	100.0
	29	50300	1	200.0
	30	70014	1	1.0
	31	70037	1	1.0
}
Group 영마석
{
	type	drop
	mob	8009
	1	5050	1	20.0
	2	100	1	20.0
	3	1060	1	20.0
	4	2090	1	20.0
	5	7090	1	20.0
	6	5051	1	20.0
	7	11250	1	15.0
	8	11450	1	15.0
	9	11650	1	15.0
	10	11850	1	15.0
	11	101	1	15.0
	12	1061	1	15.0
	13	2091	1	15.0
	14	7091	1	15.0
	15	5052	1	15.0
	16	11251	1	15.0
	17	11451	1	15.0
	18	11651	1	15.0
	19	11851	1	15.0
	20	102	1	10.0
	21	1062	1	10.0
	22	2092	1	10.0
	23	7092	1	10.0
	24	11252	1	10.0
	25	11452	1	10.0
	26	11652	1	10.0
	27	11852	1	10.0
	28	27002	50	150.0
	29	27003	30	100.0
	30	27005	30	150.0
	31	27006	20	100.0
	32	50300	1	200.0
	33	70014	1	1.0
	34	70037	1	1.0
}
Group 강마석
{
	type	drop
	mob	8010
	1	11250	1	20.0
	2	11450	1	20.0
	3	11650	1	20.0
	4	11850	1	20.0
	5	110	1	20.0
	6	1070	1	20.0
	7	2100	1	20.0
	8	7100	1	20.0
	9	5060	1	20.0
	10	11251	1	15.0
	11	11451	1	15.0
	12	11651	1	15.0
	13	11851	1	15.0
	14	111	1	15.0
	15	1071	1	15.0
	16	2101	1	15.0
	17	7101	1	15.0
	18	5061	1	15.0
	19	11252	1	10.0
	20	11452	1	10.0
	21	11652	1	10.0
	22	11852	1	10.0
	23	27002	50	150.0
	24	27003	30	100.0
	25	27005	30	150.0
	26	27006	20	100.0
	27	50300	1	250.0
	28	70014	1	1.0
	29	70037	1	1.0
}
Group 악마석
{
	type	drop
	mob	8011
	1	120	1	30.0
	2	1080	1	30.0
	3	2110	1	30.0
	4	7110	1	30.0
	5	5070	1	30.0
	6	121	1	20.0
	7	1081	1	20.0
	8	2111	1	20.0
	9	7111	1	20.0
	10	5071	1	20.0
	11	122	1	15.0
	12	1082	1	15.0
	13	2112	1	15.0
	14	7112	1	15.0
	15	5072	1	15.0
	16	27002	50	150.0
	17	27003	30	100.0
	18	27005	30	150.0
	19	27006	20	100.0
	20	50300	1	250.0
	21	70014	1	1.0
	22	70037	1	1.0
}
Group 운마석
{
	type	drop
	mob	8012
	1	130	1	30.0
	2	1090	1	30.0
	3	2120	1	30.0
	4	7120	1	30.0
	5	5080	1	30.0
	6	131	1	20.0
	7	1091	1	20.0
	8	2121	1	20.0
	9	7121	1	20.0
	10	5081	1	20.0
	11	132	1	15.0
	12	1092	1	15.0
	13	2122	1	15.0
	14	7122	1	15.0
	15	5082	1	15.0
	16	27002	50	150.0
	17	27003	30	100.0
	18	27005	30	150.0
	19	27006	20	100.0
	20	50300	1	300.0
	21	70014	1	1.0
	22	70037	1	1.0
}
Group 사마석
{
	type	drop
	mob	8013
	1	120	1	25.0
	2	1080	1	25.0
	3	2110	1	25.0
	4	7110	1	25.0
	5	5070	1	25.0
	6	121	1	20.0
	7	1081	1	20.0
	8	2111	1	20.0
	9	7111	1	20.0
	10	5071	1	20.0
	11	122	1	15.0
	12	1082	1	15.0
	13	2112	1	15.0
	14	7112	1	15.0
	15	5072	1	15.0
	16	27002	50	150.0
	17	27003	30	100.0
	18	27005	30	150.0
	19	27006	20	100.0
	20	50300	1	300.0
	21	70014	1	1.0
	22	70037	1	1.0
}
Group 살마석
{
	type	drop
	mob	8014
	1	130	1	25.0
	2	1090	1	25.0
	3	2120	1	25.0
	4	7120	1	25.0
	5	5080	1	25.0
	6	131	1	20.0
	7	1091	1	20.0
	8	2121	1	20.0
	9	7121	1	20.0
	10	5081	1	20.0
	11	132	1	15.0
	12	1092	1	15.0
	13	2122	1	15.0
	14	7122	1	15.0
	15	5082	1	15.0
	16	27002	50	150.0
	17	27003	30	100.0
	18	27005	30	150.0
	19	27006	20	100.0
	20	50300	1	300.0
	21	70014	1	50.0
	22	70037	1	50.0
}
Group 강마석
{
	type	drop
	mob	8015
	1	110	1	10.0
	2	1070	1	10.0
	3	2100	1	10.0
	4	7100	1	10.0
	5	5060	1	10.0
	6	111	1	5.0
	7	1071	1	5.0
	8	2101	1	5.0
	9	7101	1	5.0
	10	5061	1	1.0
	11	27002	50	150.0
	12	27003	30	100.0
	13	27005	30	150.0
	14	27006	20	100.0
	15	50300	1	400.0
	16	70014	1	1.0
	17	70037	1	1.0
}
Group 악마석
{
	type	drop
	mob	8016
	1	120	1	20.0
	2	1080	1	20.0
	3	2110	1	20.0
	4	7110	1	20.0
	5	5070	1	20.0
	6	121	1	10.0
	7	1081	1	10.0
	8	2111	1	10.0
	9	7111	1	10.0
	10	5071	1	10.0
	11	122	1	5.0
	12	1082	1	5.0
	13	2112	1	5.0
	14	7112	1	5.0
	15	5072	1	5.0
	16	27002	50	100.0
	17	27003	30	200.0
	18	27005	30	100.0
	19	27006	20	150.0
	20	50300	1	400.0
	21	70014	1	1.0
	22	70037	1	1.0
}
Group 운마석
{
	type	drop
	mob	8017
	1	130	1	20.0
	2	1090	1	20.0
	3	2120	1	20.0
	4	7120	1	20.0
	5	5080	1	20.0
	6	131	1	10.0
	7	1091	1	10.0
	8	2121	1	10.0
	9	7121	1	10.0
	10	5081	1	10.0
	11	132	1	5.0
	12	1092	1	5.0
	13	2122	1	5.0
	14	7122	1	5.0
	15	5082	1	5.0
	16	27002	50	100.0
	17	27003	30	200.0
	18	27005	30	100.0
	19	27006	20	150.0
	20	50300	1	400.0
	21	70014	1	1.0
	22	70037	1	1.0
}
Group 사마석
{
	type	drop
	mob	8018
	1	120	1	15.0
	2	1080	1	15.0
	3	2110	1	15.0
	4	7110	1	15.0
	5	5070	1	15.0
	6	121	1	10.0
	7	1081	1	10.0
	8	2111	1	10.0
	9	7111	1	10.0
	10	5071	1	10.0
	11	122	1	5.0
	12	1082	1	5.0
	13	2112	1	5.0
	14	7112	1	5.0
	15	5072	1	5.0
	16	27002	50	100.0
	17	27003	30	200.0
	18	27005	30	100.0
	19	27006	20	150.0
	20	50300	1	400.0
	21	70014	1	1.0
	22	70037	1	1.0
}
Group 살마석
{
	type	drop
	mob	8019
	1	130	1	15.0
	2	1090	1	15.0
	3	2120	1	15.0
	4	7120	1	15.0
	5	5080	1	15.0
	6	131	1	10.0
	7	1091	1	10.0
	8	2121	1	10.0
	9	7121	1	10.0
	10	5081	1	10.0
	11	132	1	5.0
	12	1092	1	5.0
	13	2122	1	5.0
	14	27002	50	100.0
	15	27003	30	200.0
	16	27005	30	100.0
	17	27006	20	150.0
	18	50300	1	400.0
	19	70014	1	1.0
	20	70037	1	1.0
}
Group 풍마석
{
	type	drop
	mob	8024
	1	3140	1	15.0
	2	3141	1	7.0
	3	1110	1	15.0
	4	1111	1	7.0
	5	2130	1	15.0
	6	2131	1	7.0
	7	7140	1	15.0
	8	7141	1	7.0
	9	5100	1	15.0
	10	5101	1	7.0
	11	160	1	15.0
	12	161	1	7.0
	13	240	1	15.0
	14	241	1	7.0
	15	27002	50	100.0
	16	27003	30	100.0
	17	27005	30	100.0
	18	27006	20	100.0
	19	11270	1	10.0
	20	11271	1	5.0
	21	11470	1	10.0
	22	11471	1	5.0
	23	11670	1	10.0
	24	11671	1	5.0
	25	11870	1	10.0
	26	11871	1	5.0
	27	71004	1	5.0
	28	70014	1	1.0
	29	70037	1	1.0
	30	50300	1	300.0
}
Group 마안석
{
	type	drop
	mob	8025
	1	3141	1	10.0
	2	3142	1	10.0
	3	1111	1	10.0
	4	1112	1	10.0
	5	2131	1	10.0
	6	2132	1	10.0
	7	7141	1	10.0
	8	7142	1	10.0
	9	5101	1	10.0
	10	5102	1	10.0
	11	161	1	10.0
	12	162	1	10.0
	13	241	1	10.0
	14	242	1	10.0
	15	27002	50	100.0
	16	27003	30	200.0
	17	27005	30	100.0
	18	27006	20	150.0
	19	70014	1	1.0
	20	70037	1	1.0
	21	50300	1	300.0
	22	11270	1	15.0
	23	11271	1	7.0
	24	11470	1	15.0
	25	11471	1	7.0
	26	11670	1	15.0
	27	11671	1	7.0
	28	11870	1	15.0
	29	11871	1	7.0
	30	71004	1	5.0
}
Group 투용석
{
	type	drop
	mob	8026
	1	3142	1	10.0
	2	3143	1	25.0
	3	1112	1	15.0
	4	1113	1	10.0
	5	2132	1	25.0
	6	2133	1	15.0
	7	7142	1	10.0
	8	7143	1	25.0
	9	5102	1	15.0
	10	5103	1	10.0
	11	162	1	25.0
	12	163	1	15.0
	13	242	1	10.0
	14	243	1	25.0
	15	11681	1	15.0
	16	11682	1	10.0
	17	11881	1	25.0
	18	11882	1	15.0
	19	11481	1	10.0
	20	11482	1	25.0
	21	11281	1	15.0
	22	11282	1	9.0
	23	70038	1	10.0
	24	25040	1	21.0
	25	70048	1	20.0
	26	70037	1	25.0
	27	70014	1	25.0
	28	70043	1	20.0
	29	70005	1	20.0
	30	27002	50	80.0
	31	27003	30	160.0
	32	27005	30	50.0
	33	27006	20	100.0
	34	70014	1	1.0
	35	70037	1	1.0
}
Group 전운석
{
	type	drop
	mob	8027
	1	151	1	5.0
	2	152	1	15.0
	3	153	1	10.0
	4	5091	1	5.0
	5	5092	1	15.0
	6	5093	1	10.0
	7	141	1	5.0
	8	142	1	15.0
	9	143	1	10.0
	10	3131	1	5.0
	11	3132	1	15.0
	12	3133	1	10.0
	13	1101	1	5.0
	14	1102	1	15.0
	15	1103	1	10.0
	16	7131	1	5.0
	17	7132	1	15.0
	18	7133	1	10.0
	19	2141	1	5.0
	20	2142	1	15.0
	21	2143	1	10.0
	22	11681	1	5.0
	23	11682	1	15.0
	24	11683	1	10.0
	25	11881	1	5.0
	26	11882	1	15.0
	27	11883	1	10.0
	28	11481	1	5.0
	29	11482	1	15.0
	30	11483	1	10.0
	31	11281	1	5.0
	32	11282	1	15.0
	33	11283	1	10.0
	34	17164	1	4.0
	35	17165	1	12.0
	36	17166	1	7.0
	37	16164	1	4.0
	38	16165	1	12.0
	39	16166	1	7.0
	40	14164	1	4.0
	41	14165	1	12.0
	42	14166	1	7.0
	43	70012	1	10.0
	44	70038	1	10.0
	45	25040	1	21.0
	46	70048	1	20.0
	47	70037	1	25.0
	48	70014	1	25.0
	49	70043	1	20.0
	50	70005	1	20.0
	51	27002	50	80.0
	52	27003	30	160.0
	53	27005	30	60.0
	54	27006	20	120.0
	55	50300	1	400.0
	56	70014	1	1.0
	57	70037	1	1.0
}
Group 혼마석
{
	type	drop
	mob	8051
	1	30500	1	100.0
	2	30506	1	100.0
	3	30512	1	100.0
	4	30518	1	100.0
	5	144	1	30.0
	6	154	1	30.0
	7	1104	1	30.0
	8	7144	1	30.0
	9	11294	1	30.0
	10	11494	1	30.0
	11	70012	1	30.0
	12	70038	20	30.0
	13	25040	1	10.0
	14	70048	1	40.0
	15	70037	1	50.0
	16	70014	1	50.0
	17	70043	1	20.0
	18	70005	1	20.0
	19	27002	50	100.0
	20	27003	30	200.0
	21	27005	30	100.0
	22	27006	20	150.0
	23	50300	1	400.0
	24	70014	1	400.0
	25	70037	1	400.0
	26	100300	1	1.0
	27	50513	1	40.0
}
Group 귀마석
{
	type	drop
	mob	8052
	1	30501	1	100.0
	2	30507	1	100.0
	3	30513	1	100.0
	4	30519	1	100.0
	5	144	1	30.0
	6	154	1	30.0
	7	5104	1	30.0
	8	7144	1	30.0
	9	11293	1	30.0
	10	70012	1	30.0
	11	70038	20	30.0
	12	25040	1	10.0
	13	70048	1	20.0
	14	70037	1	20.0
	15	70014	1	20.0
	16	70043	1	20.0
	17	70005	1	20.0
	18	27002	50	100.0
	19	27003	30	200.0
	20	27005	30	100.0
	21	27006	20	150.0
	22	50300	1	400.0
	23	70014	1	1.0
	24	70037	1	400.0
	25	100300	1	1.0
	27	50513	1	40.0
}
Group 폭마석
{
	type	drop
	mob	8053
	1	30502	1	100.0
	2	30508	1	100.0
	3	30514	1	100.0
	4	30520	1	100.0
	5	145	1	30.0
	6	3145	1	30.0
	7	5105	1	30.0
	8	7145	1	30.0
	9	11894	1	30.0
	10	70012	1	30.0
	11	70038	20	30.0
	12	25040	1	10.0
	13	70048	1	20.0
	14	70037	1	50.0
	15	70014	1	50.0
	16	70043	1	20.0
	17	70005	1	20.0
	18	27002	50	100.0
	19	27003	30	200.0
	20	27005	30	100.0
	21	27006	20	150.0
	22	50300	1	400.0
	23	70014	1	1.0
	24	70037	1	400.0
	25	100300	1	1.0
	26	11294	1	80.0
}
Group 용마석
{
	type	drop
	mob	8054
	1	30503	1	100.0
	2	30509	1	100.0
	3	30515	1	100.0
	4	30521	1	100.0
	5	2145	1	30.0
	6	3145	1	30.0
	7	5105	1	30.0
	8	11694	1	30.0
	9	11494	1	30.0
	10	70012	1	30.0
	11	70038	20	30.0
	12	25040	1	12.0
	13	70048	1	20.0
	14	70037	1	20.0
	15	70014	1	20.0
	16	70043	1	20.0
	17	70005	1	20.0
	18	27002	50	100.0
	19	27003	30	200.0
	20	27005	30	100.0
	21	27006	20	150.0
	22	50300	1	400.0
	23	70014	1	1.0
	24	70037	1	400.0
	25	100300	1	1.0
}
Group 지마석
{
	type	drop
	mob	8055
	1	30504	1	100.0
	2	30510	1	100.0
	3	30516	1	100.0
	4	30522	1	100.0
	5	1105	1	40.0
	6	2145	1	40.0
	7	3145	1	40.0
	8	11494	1	40.0
	9	11694	1	40.0
	10	11894	1	40.0
	11	70012	1	30.0
	12	70038	20	30.0
	13	25040	1	15.0
	14	70048	1	20.0
	15	70037	1	20.0
	16	70014	1	20.0
	17	70043	1	20.0
	18	70005	1	20.0
	19	27002	50	100.0
	20	27003	30	200.0
	21	27005	30	100.0
	22	27006	20	150.0
	23	50300	1	400.0
	24	70014	1	1.0
	25	70037	1	400.0
	26	100300	1	1.0
}
Group 망마석
{
	type	drop
	mob	8056
	1	30505	1	100.0
	2	30511	1	100.0
	3	30517	1	100.0
	4	30523	1	100.0
	5	155	1	40.0
	6	1105	1	40.0
	7	2145	1	40.0
	8	11294	1	40.0
	9	11494	1	40.0
	10	11694	1	40.0
	11	70012	1	20.0
	12	70038	20	20.0
	13	25040	1	15.0
	14	70048	1	20.0
	15	70037	1	20.0
	16	70014	1	20.0
	17	70043	1	20.0
	18	70005	1	20.0
	19	27002	50	100.0
	20	27003	30	200.0
	21	27005	30	100.0
	22	27006	20	150.0
	23	50300	1	400.0
	24	70014	1	1.0
	25	70037	1	400.0
	26	100300	1	1.0
}
Group 빙마
{
	type	drop
	mob	11041
	1	50726	1	2.0
}
Group 봉화
{
	type	drop
	mob	11506
	1	50117	1	40.0
	2	182	1	10.0
	3	192	1	25.0
	4	1132	1	10.0
	5	2172	1	25.0
	6	3162	1	10.0
	7	5122	1	25.0
	8	183	1	10.0
	9	193	1	25.0
	10	1133	1	10.0
	11	2173	1	25.0
	12	3163	1	10.0
	13	5123	1	25.0
	14	11293	1	10.0
	15	11294	1	50.0
	16	11693	1	10.0
	17	11694	1	10.0
	18	11493	1	20.0
	19	11494	1	50.0
	20	11893	1	20.0
	21	11894	1	50.0
}
Group 봉화
{
	type	drop
	mob	11507
	1	50117	1	40.0
	2	182	1	20.0
	3	192	1	20.0
	4	1132	1	20.0
	5	2172	1	20.0
	6	3162	1	20.0
	7	5122	1	20.0
	8	183	1	20.0
	9	193	1	20.0
	10	1133	1	20.0
	11	2173	1	20.0
	12	3163	1	20.0
	13	5123	1	20.0
	14	11293	1	20.0
	15	11294	1	20.0
	16	11693	1	10.0
	17	11694	1	10.0
	18	11493	1	20.0
	19	11494	1	20.0
	20	11893	1	20.0
	21	11894	1	20.0
}
Group 봉화
{
	type	drop
	mob	11508
	1	50117	1	40.0
	2	182	1	20.0
	3	192	1	20.0
	4	1132	1	20.0
	5	2172	1	20.0
	6	3162	1	20.0
	7	5122	1	20.0
	8	183	1	20.0
	9	193	1	20.0
	10	1133	1	20.0
	11	2173	1	20.0
	12	3163	1	20.0
	13	5123	1	20.0
	14	11293	1	20.0
	15	11294	1	20.0
	16	11693	1	10.0
	17	11694	1	10.0
	18	11493	1	20.0
	19	11494	1	20.0
	20	11893	1	20.0
	21	11894	1	20.0
}
Group 봉화
{
	type	drop
	mob	11509
	1	50117	1	40.0
	2	182	1	20.0
	3	192	1	20.0
	4	1132	1	20.0
	5	2172	1	20.0
	6	3162	1	20.0
	7	5122	1	20.0
	8	183	1	20.0
	9	193	1	20.0
	10	1133	1	20.0
	11	2173	1	20.0
	12	3163	1	20.0
	13	5123	1	20.0
	14	11293	1	20.0
	15	11294	1	20.0
	16	11693	1	10.0
	17	11694	1	10.0
	18	11493	1	20.0
	19	11494	1	20.0
	20	11893	1	20.0
	21	11894	1	20.0
}
Group 봉화
{
	type	drop
	mob	11510
	1	50117	1	40.0
	2	182	1	20.0
	3	192	1	20.0
	4	1132	1	20.0
	5	2172	1	20.0
	6	3162	1	20.0
	7	5122	1	20.0
	8	183	1	20.0
	9	193	1	20.0
	10	1133	1	20.0
	11	2173	1	20.0
	12	3163	1	20.0
	13	5123	1	20.0
	14	11293	1	20.0
	15	11294	1	20.0
	16	11693	1	10.0
	17	11694	1	10.0
	18	11493	1	20.0
	19	11494	1	20.0
	20	11893	1	20.0
	21	11894	1	20.0
}
