PAWN						S_PAWN						KNIGHT						S_KNIGHT					
초급검	1	15	1.08	도+1	5000 	초급검	1	15	1.104	도+1	3846 	초급검	1 	15 	1.12	도+1	3333 	초급검	1	15	1.32	도+1	1250 
	1	15	1.04	도+2	10000 		1	15	1.052	도+2	7692 		1 	15 	1.06	도+2	6667 		1	15	1.16	도+2	2500 
	1	15	1.2	장검+0	2000 		1	15	1.26	장검+0	1538 		1 	15 	1.3	장검+0	1333 		1	15	1.8	장검+0	500 
	1	15	1.08	장검+1	5000 		1	15	1.104	장검+1	3846 		1 	15 	1.12	장검+1	3333 		1	15	1.32	장검+1	1250 
	1	15	1.04	장검+2	10000 		1	15	1.052	장검+2	7692 		1 	15 	1.06	장검+2	6667 		1	15	1.16	장검+2	2500 
	1	15	1.2	월도+0	2000 		1	15	1.26	월도+0	1538 		1 	15 	1.3	월도+0	1333 		1	15	1.8	월도+0	500 
	1	15	1.08	월도+1	5000 		1	15	1.104	월도+1	3846 		1 	15 	1.12	월도+1	3333 		1	15	1.32	월도+1	1250 
	1	15	1.04	월도+2	10000 		1	15	1.052	월도+2	7692 		1 	15 	1.06	월도+2	6667 		1	15	1.16	월도+2	2500 
	5	15	1.2	세검+0	2000 		5	15	1.26	세검+0	1538 		5 	15 	1.3	세검+0	1333 		5	15	1.8	세검+0	500 
	5	15	1.08	세검+1	5000 		5	15	1.104	세검+1	3846 		5 	15 	1.12	세검+1	3333 		5	15	1.32	세검+1	1250 
	5	15	1.04	세검+2	10000 		5	15	1.052	세검+2	7692 		5 	15 	1.06	세검+2	6667 		5	15	1.16	세검+2	2500 
	5	15	1.1	낭아도+0	4000 		5	15	1.13	낭아도+0	3077 		5 	15 	1.15	낭아도+0	2667 		5	15	1.4	낭아도+0	1000 
	5	15	1.04	낭아도+1	10000 		5	15	1.052	낭아도+1	7692 		5 	15 	1.06	낭아도+1	6667 		5	15	1.16	낭아도+1	2500 
	5	15	1.01	낭아도+2	40000 		5	15	1.013	낭아도+2	30769 		5 	15 	1.015	낭아도+2	26667 		5	15	1.04	낭아도+2	10000 
초급양손검	1	15	1.2	대도+0	2000 	초급양손검	1	15	1.26	대도+0	1538 	초급양손검	1 	15 	1.3	대도+0	1333 	초급양손검	1	15	1.8	대도+0	500 
	1	15	1.08	대도+1	5000 		1	15	1.104	대도+1	3846 		1 	15 	1.12	대도+1	3333 		1	15	1.32	대도+1	1250 
	1	15	1.04	대도+2	10000 		1	15	1.052	대도+2	7692 		1 	15 	1.06	대도+2	6667 		1	15	1.16	대도+2	2500 
	1	15	1.2	장창+0	2000 		1	15	1.26	장창+0	1538 		1 	15 	1.3	장창+0	1333 		1	15	1.8	장창+0	500 
	1	15	1.08	장창+1	5000 		1	15	1.104	장창+1	3846 		1 	15 	1.12	장창+1	3333 		1	15	1.32	장창+1	1250 
	1	15	1.04	장창+2	10000 		1	15	1.052	장창+2	7692 		1 	15 	1.06	장창+2	6667 		1	15	1.16	장창+2	2500 
	1	15	1.2	단두도+0	2000 		1	15	1.26	단두도+0	1538 		1 	15 	1.3	단두도+0	1333 		1	15	1.8	단두도+0	500 
	1	15	1.08	단두도+1	5000 		1	15	1.104	단두도+1	3846 		1 	15 	1.12	단두도+1	3333 		1	15	1.32	단두도+1	1250 
	1	15	1.04	단두도+2	10000 		1	15	1.052	단두도+2	7692 		1 	15 	1.06	단두도+2	6667 		1	15	1.16	단두도+2	2500 
	5	15	1.2	쇄후쌍구+0	2000 		5	15	1.26	쇄후쌍구+0	1538 		5 	15 	1.3	쇄후쌍구+0	1333 		5	15	1.8	쇄후쌍구+0	500 
	5	15	1.08	쇄후쌍구+1	5000 		5	15	1.104	쇄후쌍구+1	3846 		5 	15 	1.12	쇄후쌍구+1	3333 		5	15	1.32	쇄후쌍구+1	1250 
	5	15	1.04	쇄후쌍구+2	10000 		5	15	1.052	쇄후쌍구+2	7692 		5 	15 	1.06	쇄후쌍구+2	6667 		5	15	1.16	쇄후쌍구+2	2500 
	5	15	1.1	선인극+0	4000 		5	15	1.13	선인극+0	3077 		5 	15 	1.15	선인극+0	2667 		5	15	1.4	선인극+0	1000 
	5	15	1.04	선인극+1	10000 		5	15	1.052	선인극+1	7692 		5 	15 	1.06	선인극+1	6667 		5	15	1.16	선인극+1	2500 
	5	15	1.01	선인극+2	40000 		5	15	1.013	선인극+2	30769 		5 	15 	1.015	선인극+2	26667 		5	15	1.04	선인극+2	10000 
초급두손검	1	15	1.08	단도+1	5000 	초급두손검	1	15	1.104	단도+1	3846 	초급두손검	1 	15 	1.12	단도+1	3333 	초급두손검	1	15	1.32	단도+1	1250 
	1	15	1.04	단도+2	10000 		1	15	1.052	단도+2	7692 		1 	15 	1.06	단도+2	6667 		1	15	1.16	단도+2	2500 
	1	15	1.2	아미자+0	2000 		1	15	1.26	아미자+0	1538 		1 	15 	1.3	아미자+0	1333 		1	15	1.8	아미자+0	500 
	1	15	1.08	아미자+1	5000 		1	15	1.104	아미자+1	3846 		1 	15 	1.12	아미자+1	3333 		1	15	1.32	아미자+1	1250 
	1	15	1.04	아미자+2	10000 		1	15	1.052	아미자+2	7692 		1 	15 	1.06	아미자+2	6667 		1	15	1.16	아미자+2	2500 
	1	15	1.2	서역단도+0	2000 		1	15	1.26	서역단도+0	1538 		1 	15 	1.3	서역단도+0	1333 		1	15	1.8	서역단도+0	500 
	1	15	1.08	서역단도+1	5000 		1	15	1.104	서역단도+1	3846 		1 	15 	1.12	서역단도+1	3333 		1	15	1.32	서역단도+1	1250 
	1	15	1.04	서역단도+2	10000 		1	15	1.052	서역단도+2	7692 		1 	15 	1.06	서역단도+2	6667 		1	15	1.16	서역단도+2	2500 
	5	15	1.2	구치구+0	2000 		5	15	1.26	구치구+0	1538 		5 	15 	1.3	구치구+0	1333 		5	15	1.8	구치구+0	500 
	5	15	1.08	구치구+1	5000 		5	15	1.104	구치구+1	3846 		5 	15 	1.12	구치구+1	3333 		5	15	1.32	구치구+1	1250 
	5	15	1.04	구치구+2	10000 		5	15	1.052	구치구+2	7692 		5 	15 	1.06	구치구+2	6667 		5	15	1.16	구치구+2	2500 
	5	15	1.1	천축단도+0	4000 		5	15	1.13	천축단도+0	3077 		5 	15 	1.15	천축단도+0	2667 		5	15	1.4	천축단도+0	1000 
	5	15	1.04	천축단도+1	10000 		5	15	1.052	천축단도+1	7692 		5 	15 	1.06	천축단도+1	6667 		5	15	1.16	천축단도+1	2500 
	5	15	1.01	천축단도+2	40000 		5	15	1.013	천축단도+2	30769 		5 	15 	1.015	천축단도+2	26667 		5	15	1.04	천축단도+2	10000 
초급활	1	15	1.2	단궁+0	2000 	초급활	1	15	1.26	단궁+0	1538 	초급활	1 	15 	1.3	단궁+0	1333 	초급활	1	15	1.8	단궁+0	500 
	1	15	1.08	단궁+1	5000 		1	15	1.104	단궁+1	3846 		1 	15 	1.12	단궁+1	3333 		1	15	1.32	단궁+1	1250 
	1	15	1.04	단궁+2	10000 		1	15	1.052	단궁+2	7692 		1 	15 	1.06	단궁+2	6667 		1	15	1.16	단궁+2	2500 
	1	15	1.2	장궁+0	2000 		1	15	1.26	장궁+0	1538 		1 	15 	1.3	장궁+0	1333 		1	15	1.8	장궁+0	500 
	1	15	1.08	장궁+1	5000 		1	15	1.104	장궁+1	3846 		1 	15 	1.12	장궁+1	3333 		1	15	1.32	장궁+1	1250 
	1	15	1.04	장궁+2	10000 		1	15	1.052	장궁+2	7692 		1 	15 	1.06	장궁+2	6667 		1	15	1.16	장궁+2	2500 
	1	15	1.2	합성궁+0	2000 		1	15	1.26	합성궁+0	1538 		1 	15 	1.3	합성궁+0	1333 		1	15	1.8	합성궁+0	500 
	1	15	1.08	합성궁+1	5000 		1	15	1.104	합성궁+1	3846 		1 	15 	1.12	합성궁+1	3333 		1	15	1.32	합성궁+1	1250 
	1	15	1.04	합성궁+2	10000 		1	15	1.052	합성궁+2	7692 		1 	15 	1.06	합성궁+2	6667 		1	15	1.16	합성궁+2	2500 
	5	15	1.2	전궁+0	2000 		5	15	1.26	전궁+0	1538 		5 	15 	1.3	전궁+0	1333 		5	15	1.8	전궁+0	500 
	5	15	1.08	전궁+1	5000 		5	15	1.104	전궁+1	3846 		5 	15 	1.12	전궁+1	3333 		5	15	1.32	전궁+1	1250 
	5	15	1.04	전궁+2	10000 		5	15	1.052	전궁+2	7692 		5 	15 	1.06	전궁+2	6667 		5	15	1.16	전궁+2	2500 
	5	15	1.1	기마장궁+0	4000 		5	15	1.13	기마장궁+0	3077 		5 	15 	1.15	기마장궁+0	2667 		5	15	1.4	기마장궁+0	1000 
	5	15	1.04	기마장궁+1	10000 		5	15	1.052	기마장궁+1	7692 		5 	15 	1.06	기마장궁+1	6667 		5	15	1.16	기마장궁+1	2500 
	5	15	1.01	기마장궁+2	40000 		5	15	1.013	기마장궁+2	30769 		5 	15 	1.015	기마장궁+2	26667 		5	15	1.04	기마장궁+2	10000 
초급방울	1	15	1.2	동령+0	2000 	초급방울	1	15	1.26	동령+0	1538 	초급방울	1 	15 	1.3	동령+0	1333 	초급방울	1	15	1.8	동령+0	500 
	1	15	1.08	동령+1	5000 		1	15	1.104	동령+1	3846 		1 	15 	1.12	동령+1	3333 		1	15	1.32	동령+1	1250 
	1	15	1.04	동령+2	10000 		1	15	1.052	동령+2	7692 		1 	15 	1.06	동령+2	6667 		1	15	1.16	동령+2	2500 
	1	15	1.2	은령+0	2000 		1	15	1.26	은령+0	1538 		1 	15 	1.3	은령+0	1333 		1	15	1.8	은령+0	500 
	1	15	1.08	은령+1	5000 		1	15	1.104	은령+1	3846 		1 	15 	1.12	은령+1	3333 		1	15	1.32	은령+1	1250 
	1	15	1.04	은령+2	10000 		1	15	1.052	은령+2	7692 		1 	15 	1.06	은령+2	6667 		1	15	1.16	은령+2	2500 
	5	15	1.1	금령+0	4000 		5	15	1.13	금령+0	3077 		5 	15 	1.15	금령+0	2667 		5	15	1.4	금령+0	1000 
	5	15	1.04	금령+1	10000 		5	15	1.052	금령+1	7692 		5 	15 	1.06	금령+1	6667 		5	15	1.16	금령+1	2500 
	5	15	1.01	금령+2	40000 		5	15	1.013	금령+2	30769 		5 	15 	1.015	금령+2	26667 		5	15	1.04	금령+2	10000 
초급부채	1	15	1.08	백선+1	5000 	초급부채	1	15	1.104	백선+1	3846 	초급부채	1 	15 	1.12	백선+1	3333 	초급부채	1	15	1.32	백선+1	1250 
	1	15	1.04	백선+2	10000 		1	15	1.052	백선+2	7692 		1 	15 	1.06	백선+2	6667 		1	15	1.16	백선+2	2500 
	1	15	1.2	철편선+0	2000 		1	15	1.26	철편선+0	1538 		1 	15 	1.3	철편선+0	1333 		1	15	1.8	철편선+0	500 
	1	15	1.08	철편선+1	5000 		1	15	1.104	철편선+1	3846 		1 	15 	1.12	철편선+1	3333 		1	15	1.32	철편선+1	1250 
	1	15	1.04	철편선+2	10000 		1	15	1.052	철편선+2	7692 		1 	15 	1.06	철편선+2	6667 		1	15	1.16	철편선+2	2500 
	1	15	1.2	흑호선+0	2000 		1	15	1.26	흑호선+0	1538 		1 	15 	1.3	흑호선+0	1333 		1	15	1.8	흑호선+0	500 
	1	15	1.08	흑호선+1	5000 		1	15	1.104	흑호선+1	3846 		1 	15 	1.12	흑호선+1	3333 		1	15	1.32	흑호선+1	1250 
	1	15	1.04	흑호선+2	10000 		1	15	1.052	흑호선+2	7692 		1 	15 	1.06	흑호선+2	6667 		1	15	1.16	흑호선+2	2500 
	1	15	1.2	학익선+0	2000 		1	15	1.26	학익선+0	1538 		1 	15 	1.3	학익선+0	1333 		1	15	1.8	학익선+0	500 
	1	15	1.08	학익선+1	5000 		1	15	1.104	학익선+1	3846 		1 	15 	1.12	학익선+1	3333 		1	15	1.32	학익선+1	1250 
	1	15	1.04	학익선+2	10000 		1	15	1.052	학익선+2	7692 		1 	15 	1.06	학익선+2	6667 		1	15	1.16	학익선+2	2500 
	5	15	1.1	공작선+0	4000 		5	15	1.13	공작선+0	3077 		5 	15 	1.15	공작선+0	2667 		5	15	1.4	공작선+0	1000 
	5	15	1.04	공작선+1	10000 		5	15	1.052	공작선+1	7692 		5 	15 	1.06	공작선+1	6667 		5	15	1.16	공작선+1	2500 
	5	15	1.01	공작선+2	40000 		5	15	1.013	공작선+2	30769 		5 	15 	1.015	공작선+2	26667 		5	15	1.04	공작선+2	10000 
초급무사갑옷	1	15	1.08	나한갑+0	5000 	초급무사갑옷	1	15	1.104	나한갑+0	3846 	초급무사갑옷	1 	15 	1.12	나한갑+0	3333 	초급무사갑옷	1	15	1.32	나한갑+0	1250 
	1	15	1.013333333	나한갑+1	30000 		1	15	1.017333333	나한갑+1	23077 		1 	15 	1.02	나한갑+1	20000 		1	15	1.053333333	나한갑+1	7500 
	1	15	1.008	나한갑+2	50000 		1	15	1.0104	나한갑+2	38462 		1 	15 	1.012	나한갑+2	33333 		1	15	1.032	나한갑+2	12500 
	5	15	1.08	기륭갑+0	5000 		5	15	1.104	기륭갑+0	3846 		5 	15 	1.12	기륭갑+0	3333 		5	15	1.32	기륭갑+0	1250 
	5	15	1.013333333	기륭갑+1	30000 		5	15	1.017333333	기륭갑+1	23077 		5 	15 	1.02	기륭갑+1	20000 		5	15	1.053333333	기륭갑+1	7500 
	5	15	1.008	기륭갑+2	50000 		5	15	1.0104	기륭갑+2	38462 		5 	15 	1.012	기륭갑+2	33333 		5	15	1.032	기륭갑+2	12500 
	10	20	1.08	자호갑+0	5000 		10	20	1.104	자호갑+0	3846 		10 	20 	1.12	자호갑+0	3333 		10	20	1.32	자호갑+0	1250 
	10	20	1.013333333	자호갑+1	30000 		10	20	1.017333333	자호갑+1	23077 		10 	20 	1.02	자호갑+1	20000 		10	20	1.053333333	자호갑+1	7500 
	10	20	1.008	자호갑+2	50000 		10	20	1.0104	자호갑+2	38462 		10 	20 	1.012	자호갑+2	33333 		10	20	1.032	자호갑+2	12500 
초급자객갑옷	1	15	1.08	탄마+0	5000 	초급자객갑옷	1	15	1.104	탄마+0	3846 	초급자객갑옷	1 	15 	1.12	탄마+0	3333 	초급자객갑옷	1	15	1.32	탄마+0	1250 
	1	15	1.013333333	탄마+1	30000 		1	15	1.017333333	탄마+1	23077 		1 	15 	1.02	탄마+1	20000 		1	15	1.053333333	탄마+1	7500 
	1	15	1.008	탄마+2	50000 		1	15	1.0104	탄마+2	38462 		1 	15 	1.012	탄마+2	33333 		1	15	1.032	탄마+2	12500 
	5	15	1.08	극섬+0	5000 		5	15	1.104	극섬+0	3846 		5 	15 	1.12	극섬+0	3333 		5	15	1.32	극섬+0	1250 
	5	15	1.013333333	극섬+1	30000 		5	15	1.017333333	극섬+1	23077 		5 	15 	1.02	극섬+1	20000 		5	15	1.053333333	극섬+1	7500 
	5	15	1.008	극섬+2	50000 		5	15	1.0104	극섬+2	38462 		5 	15 	1.012	극섬+2	33333 		5	15	1.032	극섬+2	12500 
	10	20	1.08	다홍+0	5000 		10	20	1.104	다홍+0	3846 		10 	20 	1.12	다홍+0	3333 		10	20	1.32	다홍+0	1250 
	10	20	1.013333333	다홍+1	30000 		10	20	1.017333333	다홍+1	23077 		10 	20 	1.02	다홍+1	20000 		10	20	1.053333333	다홍+1	7500 
	10	20	1.008	다홍+2	50000 		10	20	1.0104	다홍+2	38462 		10 	20 	1.012	다홍+2	33333 		10	20	1.032	다홍+2	12500 
초급수라갑옷	1	15	1.08	진혼갑+0	5000 	초급수라갑옷	1	15	1.104	진혼갑+0	3846 	초급수라갑옷	1 	15 	1.12	진혼갑+0	3333 	초급수라갑옷	1	15	1.32	진혼갑+0	1250 
	1	15	1.013333333	진혼갑+1	30000 		1	15	1.017333333	진혼갑+1	23077 		1 	15 	1.02	진혼갑+1	20000 		1	15	1.053333333	진혼갑+1	7500 
	1	15	1.008	진혼갑+2	50000 		1	15	1.0104	진혼갑+2	38462 		1 	15 	1.012	진혼갑+2	33333 		1	15	1.032	진혼갑+2	12500 
	5	15	1.08	마극갑+0	5000 		5	15	1.104	마극갑+0	3846 		5 	15 	1.12	마극갑+0	3333 		5	15	1.32	마극갑+0	1250 
	5	15	1.013333333	마극갑+1	30000 		5	15	1.017333333	마극갑+1	23077 		5 	15 	1.02	마극갑+1	20000 		5	15	1.053333333	마극갑+1	7500 
	5	15	1.008	마극갑+2	50000 		5	15	1.0104	마극갑+2	38462 		5 	15 	1.012	마극갑+2	33333 		5	15	1.032	마극갑+2	12500 
	10	20	1.08	비운갑+0	5000 		10	20	1.104	비운갑+0	3846 		10 	20 	1.12	비운갑+0	3333 		10	20	1.32	비운갑+0	1250 
	10	20	1.013333333	비운갑+1	30000 		10	20	1.017333333	비운갑+1	23077 		10 	20 	1.02	비운갑+1	20000 		10	20	1.053333333	비운갑+1	7500 
	10	20	1.008	비운갑+2	50000 		10	20	1.0104	비운갑+2	38462 		10 	20 	1.012	비운갑+2	33333 		10	20	1.032	비운갑+2	12500 
초급무당갑옷	1	15	1.08	청낭의+0	5000 	초급무당갑옷	1	15	1.104	청낭의+0	3846 	초급무당갑옷	1 	15 	1.12	청낭의+0	3333 	초급무당갑옷	1	15	1.32	청낭의+0	1250 
	1	15	1.013333333	청낭의+1	30000 		1	15	1.017333333	청낭의+1	23077 		1 	15 	1.02	청낭의+1	20000 		1	15	1.053333333	청낭의+1	7500 
	1	15	1.008	청낭의+2	50000 		1	15	1.0104	청낭의+2	38462 		1 	15 	1.012	청낭의+2	33333 		1	15	1.032	청낭의+2	12500 
	5	15	1.08	나봉의+0	5000 		5	15	1.104	나봉의+0	3846 		5 	15 	1.12	나봉의+0	3333 		5	15	1.32	나봉의+0	1250 
	5	15	1.013333333	나봉의+1	30000 		5	15	1.017333333	나봉의+1	23077 		5 	15 	1.02	나봉의+1	20000 		5	15	1.053333333	나봉의+1	7500 
	5	15	1.008	나봉의+2	50000 		5	15	1.0104	나봉의+2	38462 		5 	15 	1.012	나봉의+2	33333 		5	15	1.032	나봉의+2	12500 
	10	20	1.08	비홍의+0	5000 		10	20	1.104	비홍의+0	3846 		10 	20 	1.12	비홍의+0	3333 		10	20	1.32	비홍의+0	1250 
	10	20	1.013333333	비홍의+1	30000 		10	20	1.017333333	비홍의+1	23077 		10 	20 	1.02	비홍의+1	20000 		10	20	1.053333333	비홍의+1	7500 
	10	20	1.008	비홍의+2	50000 		10	20	1.0104	비홍의+2	38462 		10 	20 	1.012	비홍의+2	33333 		10	20	1.032	비홍의+2	12500 
팔찌	5	20	1.006	나무팔찌+0	66667 	팔찌	5	20	1.00312	나무팔찌+0	128205 	팔찌	5 	20 	1.0036	나무팔찌+0	111111 	팔찌	5	20	1.0048	나무팔찌+0	83333 
	5	20	1.0012	나무팔찌+1	333333 		5	20	1.000624	나무팔찌+1	641026 		5 	20 	1.00072	나무팔찌+1	555556 		5	20	1.00096	나무팔찌+1	416667 
	5	20	1.0004	나무팔찌+2	1000000 		5	20	1.000208	나무팔찌+2	1923077 		5 	20 	1.00024	나무팔찌+2	1666667 		5	20	1.00032	나무팔찌+2	1250000 
	5	20	1.006	구리팔찌+0	66667 		5	20	1.00312	구리팔찌+0	128205 		5 	20 	1.0036	구리팔찌+0	111111 		5	20	1.0048	구리팔찌+0	83333 
	5	20	1.0012	구리팔찌+1	333333 		5	20	1.000624	구리팔찌+1	641026 		5 	20 	1.00072	구리팔찌+1	555556 		5	20	1.00096	구리팔찌+1	416667 
	5	20	1.0004	구리팔찌+2	1000000 		5	20	1.000208	구리팔찌+2	1923077 		5 	20 	1.00024	구리팔찌+2	1666667 		5	20	1.00032	구리팔찌+2	1250000 
	5	20	1.006	은팔찌+0	66667 		5	20	1.00312	은팔찌+0	128205 		5 	20 	1.0036	은팔찌+0	111111 		5	20	1.0048	은팔찌+0	83333 
	5	20	1.0012	은팔찌+1	333333 		5	20	1.000624	은팔찌+1	641026 		5 	20 	1.00072	은팔찌+1	555556 		5	20	1.00096	은팔찌+1	416667 
	5	20	1.0004	은팔찌+2	1000000 		5	20	1.000208	은팔찌+2	1923077 		5 	20 	1.00024	은팔찌+2	1666667 		5	20	1.00032	은팔찌+2	1250000 
	5	20	1.006	금팔찌+0	66667 		5	20	1.00312	금팔찌+0	128205 		5 	20 	1.0036	금팔찌+0	111111 		5	20	1.0048	금팔찌+0	83333 
	5	20	1.0012	금팔찌+1	333333 		5	20	1.000624	금팔찌+1	641026 		5 	20 	1.00072	금팔찌+1	555556 		5	20	1.00096	금팔찌+1	416667 
	5	20	1.0004	금팔찌+2	1000000 		5	20	1.000208	금팔찌+2	1923077 		5 	20 	1.00024	금팔찌+2	1666667 		5	20	1.00032	금팔찌+2	1250000 
신발	5	20	1.08	가죽신발+0	5000 	신발	5	20	1.0416	가죽신발+0	9615 	신발	5 	20 	1.048	가죽신발+0	8333 	신발	5	20	1.064	가죽신발+0	6250 
	5	20	1.013333333	가죽신발+1	30000 		5	20	1.006933333	가죽신발+1	57692 		5 	20 	1.008	가죽신발+1	50000 		5	20	1.010666667	가죽신발+1	37500 
	5	20	1.004	가죽신발+2	100000 		5	20	1.00208	가죽신발+2	192308 		5 	20 	1.0024	가죽신발+2	166667 		5	20	1.0032	가죽신발+2	125000 
	5	20	1.08	죽피신발+0	5000 		5	20	1.0416	죽피신발+0	9615 		5 	20 	1.048	죽피신발+0	8333 		5	20	1.064	죽피신발+0	6250 
	5	20	1.013333333	죽피신발+1	30000 		5	20	1.006933333	죽피신발+1	57692 		5 	20 	1.008	죽피신발+1	50000 		5	20	1.010666667	죽피신발+1	37500 
	5	20	1.004	죽피신발+2	100000 		5	20	1.00208	죽피신발+2	192308 		5 	20 	1.0024	죽피신발+2	166667 		5	20	1.0032	죽피신발+2	125000 
	5	20	1.02	목편신발+0	20000 		5	20	1.0104	목편신발+0	38462 		5 	20 	1.012	목편신발+0	33333 		5	20	1.016	목편신발+0	25000 
	5	20	1.004	목편신발+1	100000 		5	20	1.00208	목편신발+1	192308 		5 	20 	1.0024	목편신발+1	166667 		5	20	1.0032	목편신발+1	125000 
	5	20	1.002	목편신발+2	200000 		5	20	1.00104	목편신발+2	384615 		5 	20 	1.0012	목편신발+2	333333 		5	20	1.0016	목편신발+2	250000 
	5	20	1.02	금사신발+0	20000 		5	20	1.0104	금사신발+0	38462 		5 	20 	1.012	금사신발+0	33333 		5	20	1.016	금사신발+0	25000 
	5	20	1.004	금사신발+1	100000 		5	20	1.00208	금사신발+1	192308 		5 	20 	1.0024	금사신발+1	166667 		5	20	1.0032	금사신발+1	125000 
	5	20	1.002	금사신발+2	200000 		5	20	1.00104	금사신발+2	384615 		5 	20 	1.0012	금사신발+2	333333 		5	20	1.0016	금사신발+2	250000 
귀걸이	5	20	1.08	나무귀걸이+0	5000 	귀걸이	5	20	1.0416	나무귀걸이+0	9615 	귀걸이	5 	20 	1.048	나무귀걸이+0	8333 	귀걸이	5	20	1.064	나무귀걸이+0	6250 
	5	20	1.013333333	나무귀걸이+1	30000 		5	20	1.006933333	나무귀걸이+1	57692 		5 	20 	1.008	나무귀걸이+1	50000 		5	20	1.010666667	나무귀걸이+1	37500 
	5	20	1.004	나무귀걸이+2	100000 		5	20	1.00208	나무귀걸이+2	192308 		5 	20 	1.0024	나무귀걸이+2	166667 		5	20	1.0032	나무귀걸이+2	125000 
	5	20	1.08	구리귀걸이+0	5000 		5	20	1.0416	구리귀걸이+0	9615 		5 	20 	1.048	구리귀걸이+0	8333 		5	20	1.064	구리귀걸이+0	6250 
	5	20	1.013333333	구리귀걸이+1	30000 		5	20	1.006933333	구리귀걸이+1	57692 		5 	20 	1.008	구리귀걸이+1	50000 		5	20	1.010666667	구리귀걸이+1	37500 
	5	20	1.004	구리귀걸이+2	100000 		5	20	1.00208	구리귀걸이+2	192308 		5 	20 	1.0024	구리귀걸이+2	166667 		5	20	1.0032	구리귀걸이+2	125000 
	5	20	1.02	은귀걸이+0	20000 		5	20	1.0104	은귀걸이+0	38462 		5 	20 	1.012	은귀걸이+0	33333 		5	20	1.016	은귀걸이+0	25000 
	5	20	1.004	은귀걸이+1	100000 		5	20	1.00208	은귀걸이+1	192308 		5 	20 	1.0024	은귀걸이+1	166667 		5	20	1.0032	은귀걸이+1	125000 
	5	20	1.002	은귀걸이+2	200000 		5	20	1.00104	은귀걸이+2	384615 		5 	20 	1.0012	은귀걸이+2	333333 		5	20	1.0016	은귀걸이+2	250000 
	5	20	1.02	금귀걸이+0	20000 		5	20	1.0104	금귀걸이+0	38462 		5 	20 	1.012	금귀걸이+0	33333 		5	20	1.016	금귀걸이+0	25000 
	5	20	1.004	금귀걸이+1	100000 		5	20	1.00208	금귀걸이+1	192308 		5 	20 	1.0024	금귀걸이+1	166667 		5	20	1.0032	금귀걸이+1	125000 
	5	20	1.002	금귀걸이+2	200000 		5	20	1.00104	금귀걸이+2	384615 		5 	20 	1.0012	금귀걸이+2	333333 		5	20	1.0016	금귀걸이+2	250000 
목걸이	5	20	1.08	나무목걸이+0	5000 	목걸이	5	20	1.0416	나무목걸이+0	9615 	목걸이	5 	20 	1.048	나무목걸이+0	8333 	목걸이	5	20	1.064	나무목걸이+0	6250 
	5	20	1.013333333	나무목걸이+1	30000 		5	20	1.006933333	나무목걸이+1	57692 		5 	20 	1.008	나무목걸이+1	50000 		5	20	1.010666667	나무목걸이+1	37500 
	5	20	1.004	나무목걸이+2	100000 		5	20	1.00208	나무목걸이+2	192308 		5 	20 	1.0024	나무목걸이+2	166667 		5	20	1.0032	나무목걸이+2	125000 
	5	20	1.08	구리목걸이+0	5000 		5	20	1.0416	구리목걸이+0	9615 		5 	20 	1.048	구리목걸이+0	8333 		5	20	1.064	구리목걸이+0	6250 
	5	20	1.013333333	구리목걸이+1	30000 		5	20	1.006933333	구리목걸이+1	57692 		5 	20 	1.008	구리목걸이+1	50000 		5	20	1.010666667	구리목걸이+1	37500 
	5	20	1.004	구리목걸이+2	100000 		5	20	1.00208	구리목걸이+2	192308 		5 	20 	1.0024	구리목걸이+2	166667 		5	20	1.0032	구리목걸이+2	125000 
	5	20	1.02	은목걸이+0	20000 		5	20	1.0104	은목걸이+0	38462 		5 	20 	1.012	은목걸이+0	33333 		5	20	1.016	은목걸이+0	25000 
	5	20	1.004	은목걸이+1	100000 		5	20	1.00208	은목걸이+1	192308 		5 	20 	1.0024	은목걸이+1	166667 		5	20	1.0032	은목걸이+1	125000 
	5	20	1.002	은목걸이+2	200000 		5	20	1.00104	은목걸이+2	384615 		5 	20 	1.0012	은목걸이+2	333333 		5	20	1.0016	은목걸이+2	250000 
	5	20	1.02	금목걸이+0	20000 		5	20	1.0104	금목걸이+0	38462 		5 	20 	1.012	금목걸이+0	33333 		5	20	1.016	금목걸이+0	25000 
	5	20	1.004	금목걸이+1	100000 		5	20	1.00208	금목걸이+1	192308 		5 	20 	1.0024	금목걸이+1	166667 		5	20	1.0032	금목걸이+1	125000 
	5	20	1.002	금목걸이+2	200000 		5	20	1.00104	금목걸이+2	384615 		5 	20 	1.0012	금목걸이+2	333333 		5	20	1.0016	금목걸이+2	250000 
중급검	15	35	1.106666667	은검+0	3750 	중급검	15	35	1.104	은검+0	3846 	중급검	15 	35 	1.12	은검+0	3333 	중급검	15	35	1.16	은검+0	2500 
	15	35	1.021333333	은검+1	18750 		15	35	1.0208	은검+1	19231 		15 	35 	1.024	은검+1	16667 		15	35	1.032	은검+1	12500 
	15	35	1.010666667	은검+2	37500 		15	35	1.0104	은검+2	38462 		15 	35 	1.012	은검+2	33333 		15	35	1.016	은검+2	25000 
	20	35	1.106666667	연검+0	3750 		20	35	1.104	연검+0	3846 		20 	35 	1.12	연검+0	3333 		20	35	1.16	연검+0	2500 
	20	35	1.021333333	연검+1	18750 		20	35	1.0208	연검+1	19231 		20 	35 	1.024	연검+1	16667 		20	35	1.032	연검+1	12500 
	20	35	1.010666667	연검+2	37500 		20	35	1.0104	연검+2	38462 		20 	35 	1.012	연검+2	33333 		20	35	1.016	연검+2	25000 
	20	35	1.106666667	사인검+0	3750 		20	35	1.104	사인검+0	3846 		20 	35 	1.12	사인검+0	3333 		20	35	1.16	사인검+0	2500 
	20	35	1.021333333	사인검+1	18750 		20	35	1.0208	사인검+1	19231 		20 	35 	1.024	사인검+1	16667 		20	35	1.032	사인검+1	12500 
	20	35	1.010666667	사인검+2	37500 		20	35	1.0104	사인검+2	38462 		20 	35 	1.012	사인검+2	33333 		20	35	1.016	사인검+2	25000 
	20	35	1.08	남만도+0	5000 		20	35	1.078	남만도+0	5128 		20 	35 	1.09	남만도+0	4444 		20	35	1.12	남만도+0	3333 
	20	35	1.016	남만도+1	25000 		20	35	1.0156	남만도+1	25641 		20 	35 	1.018	남만도+1	22222 		20	35	1.024	남만도+1	16667 
	20	35	1.008	남만도+2	50000 		20	35	1.0078	남만도+2	51282 		20 	35 	1.009	남만도+2	44444 		20	35	1.012	남만도+2	33333 
중급두손검	15	35	1.106666667	소태도+0	3750 	중급두손검	15	35	1.104	소태도+0	3846 	중급두손검	15 	35 	1.12	소태도+0	3333 	중급두손검	15	35	1.16	소태도+0	2500 
	15	35	1.021333333	소태도+1	18750 		15	35	1.0208	소태도+1	19231 		15 	35 	1.024	소태도+1	16667 		15	35	1.032	소태도+1	12500 
	15	35	1.010666667	소태도+2	37500 		15	35	1.0104	소태도+2	38462 		15 	35 	1.012	소태도+2	33333 		15	35	1.016	소태도+2	25000 
	20	35	1.106666667	운검+0	3750 		20	35	1.104	운검+0	3846 		20 	35 	1.12	운검+0	3333 		20	35	1.16	운검+0	2500 
	20	35	1.021333333	운검+1	18750 		20	35	1.0208	운검+1	19231 		20 	35 	1.024	운검+1	16667 		20	35	1.032	운검+1	12500 
	20	35	1.010666667	운검+2	37500 		20	35	1.0104	운검+2	38462 		20 	35 	1.012	운검+2	33333 		20	35	1.016	운검+2	25000 
	20	35	1.106666667	묘아검+0	3750 		20	35	1.104	묘아검+0	3846 		20 	35 	1.12	묘아검+0	3333 		20	35	1.16	묘아검+0	2500 
	20	35	1.021333333	묘아검+1	18750 		20	35	1.0208	묘아검+1	19231 		20 	35 	1.024	묘아검+1	16667 		20	35	1.032	묘아검+1	12500 
	20	35	1.010666667	묘아검+2	37500 		20	35	1.0104	묘아검+2	38462 		20 	35 	1.012	묘아검+2	33333 		20	35	1.016	묘아검+2	25000 
	20	35	1.08	마안도+0	5000 		20	35	1.078	마안도+0	5128 		20 	35 	1.09	마안도+0	4444 		20	35	1.12	마안도+0	3333 
	20	35	1.016	마안도+1	25000 		20	35	1.0156	마안도+1	25641 		20 	35 	1.018	마안도+1	22222 		20	35	1.024	마안도+1	16667 
	20	35	1.008	마안도+2	50000 		20	35	1.0078	마안도+2	51282 		20 	35 	1.009	마안도+2	44444 		20	35	1.012	마안도+2	33333 
중급양손검	15	35	1.106666667	참마도+0	3750 	중급양손검	15	35	1.104	참마도+0	3846 	중급양손검	15 	35 	1.12	참마도+0	3333 	중급양손검	15	35	1.16	참마도+0	2500 
	15	35	1.021333333	참마도+1	18750 		15	35	1.0208	참마도+1	19231 		15 	35 	1.024	참마도+1	16667 		15	35	1.032	참마도+1	12500 
	15	35	1.010666667	참마도+2	37500 		15	35	1.0104	참마도+2	38462 		15 	35 	1.012	참마도+2	33333 		15	35	1.016	참마도+2	25000 
	20	35	1.106666667	삼차+0	3750 		20	35	1.104	삼차+0	3846 		20 	35 	1.12	삼차+0	3333 		20	35	1.16	삼차+0	2500 
	20	35	1.021333333	삼차+1	18750 		20	35	1.0208	삼차+1	19231 		20 	35 	1.024	삼차+1	16667 		20	35	1.032	삼차+1	12500 
	20	35	1.010666667	삼차+2	37500 		20	35	1.0104	삼차+2	38462 		20 	35 	1.012	삼차+2	33333 		20	35	1.016	삼차+2	25000 
	20	35	1.106666667	단극+0	3750 		20	35	1.104	단극+0	3846 		20 	35 	1.12	단극+0	3333 		20	35	1.16	단극+0	2500 
	20	35	1.021333333	단극+1	18750 		20	35	1.0208	단극+1	19231 		20 	35 	1.024	단극+1	16667 		20	35	1.032	단극+1	12500 
	20	35	1.010666667	단극+2	37500 		20	35	1.0104	단극+2	38462 		20 	35 	1.012	단극+2	33333 		20	35	1.016	단극+2	25000 
	20	35	1.08	소산부+0	5000 		20	35	1.078	소산부+0	5128 		20 	35 	1.09	소산부+0	4444 		20	35	1.12	소산부+0	3333 
	20	35	1.016	소산부+1	25000 		20	35	1.0156	소산부+1	25641 		20 	35 	1.018	소산부+1	22222 		20	35	1.024	소산부+1	16667 
	20	35	1.008	소산부+2	50000 		20	35	1.0078	소산부+2	51282 		20 	35 	1.009	소산부+2	44444 		20	35	1.012	소산부+2	33333 
중급활	15	35	1.106666667	기마전궁+0	3750 	중급활	15	35	1.104	기마전궁+0	3846 	중급활	15 	35 	1.12	기마전궁+0	3333 	중급활	15	35	1.16	기마전궁+0	2500 
	15	35	1.021333333	기마전궁+1	18750 		15	35	1.0208	기마전궁+1	19231 		15 	35 	1.024	기마전궁+1	16667 		15	35	1.032	기마전궁+1	12500 
	15	35	1.010666667	기마전궁+2	37500 		15	35	1.0104	기마전궁+2	38462 		15 	35 	1.012	기마전궁+2	33333 		15	35	1.016	기마전궁+2	25000 
	20	35	1.106666667	동이궁+0	3750 		20	35	1.104	동이궁+0	3846 		20 	35 	1.12	동이궁+0	3333 		20	35	1.16	동이궁+0	2500 
	20	35	1.021333333	동이궁+1	18750 		20	35	1.0208	동이궁+1	19231 		20 	35 	1.024	동이궁+1	16667 		20	35	1.032	동이궁+1	12500 
	20	35	1.010666667	동이궁+2	37500 		20	35	1.0104	동이궁+2	38462 		20 	35 	1.012	동이궁+2	33333 		20	35	1.016	동이궁+2	25000 
	20	35	1.106666667	흑록궁+0	3750 		20	35	1.104	흑록궁+0	3846 		20 	35 	1.12	흑록궁+0	3333 		20	35	1.16	흑록궁+0	2500 
	20	35	1.021333333	흑록궁+1	18750 		20	35	1.0208	흑록궁+1	19231 		20 	35 	1.024	흑록궁+1	16667 		20	35	1.032	흑록궁+1	12500 
	20	35	1.010666667	흑록궁+2	37500 		20	35	1.0104	흑록궁+2	38462 		20 	35 	1.012	흑록궁+2	33333 		20	35	1.016	흑록궁+2	25000 
	20	35	1.08	화안궁+0	5000 		20	35	1.078	화안궁+0	5128 		20 	35 	1.09	화안궁+0	4444 		20	35	1.12	화안궁+0	3333 
	20	35	1.016	화안궁+1	25000 		20	35	1.0156	화안궁+1	25641 		20 	35 	1.018	화안궁+1	22222 		20	35	1.024	화안궁+1	16667 
	20	35	1.008	화안궁+2	50000 		20	35	1.0078	화안궁+2	51282 		20 	35 	1.009	화안궁+2	44444 		20	35	1.012	화안궁+2	33333 
중급방울	5	35	1.106666667	옥령+0	3750 	중급방울	5	35	1.104	옥령+0	3846 	중급방울	5 	35 	1.12	옥령+0	3333 	중급방울	5	35	1.16	옥령+0	2500 
	5	35	1.021333333	옥령+1	18750 		5	35	1.0208	옥령+1	19231 		5 	35 	1.018	옥령+1	22222 		5	35	1.032	옥령+1	12500 
	5	35	1.010666667	옥령+2	37500 		5	35	1.0104	옥령+2	38462 		5 	35 	1.009	옥령+2	44444 		5	35	1.016	옥령+2	25000 
	15	35	1.106666667	분수령+0	3750 		15	35	1.104	분수령+0	3846 		15 	35 	1.12	분수령+0	3333 		15	35	1.16	분수령+0	2500 
	15	35	1.021333333	분수령+1	18750 		15	35	1.0208	분수령+1	19231 		15 	35 	1.024	분수령+1	16667 		15	35	1.032	분수령+1	12500 
	15	35	1.010666667	분수령+2	37500 		15	35	1.0104	분수령+2	38462 		15 	35 	1.012	분수령+2	33333 		15	35	1.016	분수령+2	25000 
	20	35	1.08	매화령+0	5000 		20	35	1.078	매화령+0	5128 		20 	35 	1.09	매화령+0	4444 		20	35	1.12	매화령+0	3333 
	20	35	1.016	매화령+1	25000 		20	35	1.0156	매화령+1	25641 		20 	35 	1.018	매화령+1	22222 		20	35	1.024	매화령+1	16667 
	20	35	1.008	매화령+2	50000 		20	35	1.0078	매화령+2	51282 		20 	35 	1.009	매화령+2	44444 		20	35	1.012	매화령+2	33333 
중급부채	15	35	1.106666667	청수선+0	3750 	중급부채	15	35	1.104	청수선+0	3846 	중급부채	15 	35 	1.12	청수선+0	3333 	중급부채	15	35	1.16	청수선+0	2500 
	15	35	1.021333333	청수선+1	18750 		15	35	1.0208	청수선+1	19231 		15 	35 	1.024	청수선+1	16667 		15	35	1.032	청수선+1	12500 
	15	35	1.010666667	청수선+2	37500 		15	35	1.0104	청수선+2	38462 		15 	35 	1.012	청수선+2	33333 		15	35	1.016	청수선+2	25000 
	20	35	1.106666667	절암선+0	3750 		20	35	1.104	절암선+0	3846 		20 	35 	1.12	절암선+0	3333 		20	35	1.16	절암선+0	2500 
	20	35	1.021333333	절암선+1	18750 		20	35	1.0208	절암선+1	19231 		20 	35 	1.024	절암선+1	16667 		20	35	1.032	절암선+1	12500 
	20	35	1.010666667	절암선+2	37500 		20	35	1.0104	절암선+2	38462 		20 	35 	1.012	절암선+2	33333 		20	35	1.016	절암선+2	25000 
	20	35	1.106666667	창해선+0	3750 		20	35	1.104	창해선+0	3846 		20 	35 	1.12	창해선+0	3333 		20	35	1.16	창해선+0	2500 
	20	35	1.021333333	창해선+1	18750 		20	35	1.0208	창해선+1	19231 		20 	35 	1.024	창해선+1	16667 		20	35	1.032	창해선+1	12500 
	20	35	1.010666667	창해선+2	37500 		20	35	1.0104	창해선+2	38462 		20 	35 	1.012	창해선+2	33333 		20	35	1.016	창해선+2	25000 
	20	35	1.08	자린선+0	5000 		20	35	1.078	자린선+0	5128 		20 	35 	1.09	자린선+0	4444 		20	35	1.12	자린선+0	3333 
	20	35	1.016	자린선+1	25000 		20	35	1.0156	자린선+1	25641 		20 	35 	1.018	자린선+1	22222 		20	35	1.024	자린선+1	16667 
	20	35	1.008	자린선+2	50000 		20	35	1.0078	자린선+2	51282 		20 	35 	1.009	자린선+2	44444 		20	35	1.012	자린선+2	33333 
중급무사갑옷	15	40	1.0512	사자갑+0	7813 	중급무사갑옷	15	40	1.096	사자갑+0	4167 	중급무사갑옷	15 	40 	1.1248	사자갑+0	3205 	중급무사갑옷	15	40	1.192	사자갑+0	2083 
	15	40	1.008533333	사자갑+1	46875 		15	40	1.016	사자갑+1	25000 		15 	40 	1.0208	사자갑+1	19231 		15	40	1.032	사자갑+1	12500 
	15	40	1.00512	사자갑+2	78125 		15	40	1.0096	사자갑+2	41667 		15 	40 	1.01248	사자갑+2	32051 		15	40	1.0192	사자갑+2	20833 
	20	40	1.0512	자인갑+0	7813 		20	40	1.096	자인갑+0	4167 		20 	40 	1.1248	자인갑+0	3205 		20	40	1.192	자인갑+0	2083 
	20	40	1.008533333	자인갑+1	46875 		20	40	1.016	자인갑+1	25000 		20 	40 	1.0208	자인갑+1	19231 		20	40	1.032	자인갑+1	12500 
	20	40	1.00512	자인갑+2	78125 		20	40	1.0096	자인갑+2	41667 		20 	40 	1.01248	자인갑+2	32051 		20	40	1.0192	자인갑+2	20833 
	20	40	1.0128	모룡갑+0	31250 		20	40	1.024	모룡갑+0	16667 		20 	40 	1.0312	모룡갑+0	12821 		20	40	1.048	모룡갑+0	8333 
	20	40	1.00256	모룡갑+1	156250 		20	40	1.0048	모룡갑+1	83333 		20 	40 	1.00624	모룡갑+1	64103 		20	40	1.0096	모룡갑+1	41667 
	20	40	1.00128	모룡갑+2	312500 		20	40	1.0024	모룡갑+2	166667 		20 	40 	1.00312	모룡갑+2	128205 		20	40	1.0048	모룡갑+2	83333 
중급자객갑옷	15	40	1.0512	비영+0	7813 	중급자객갑옷	15	40	1.096	비영+0	4167 	중급자객갑옷	15 	40 	1.1248	비영+0	3205 	중급자객갑옷	15	40	1.192	비영+0	2083 
	15	40	1.008533333	비영+1	46875 		15	40	1.016	비영+1	25000 		15 	40 	1.0208	비영+1	19231 		15	40	1.032	비영+1	12500 
	15	40	1.00512	비영+2	78125 		15	40	1.0096	비영+2	41667 		15 	40 	1.01248	비영+2	32051 		15	40	1.0192	비영+2	20833 
	20	40	1.0512	영린+0	7813 		20	40	1.096	영린+0	4167 		20 	40 	1.1248	영린+0	3205 		20	40	1.192	영린+0	2083 
	20	40	1.008533333	영린+1	46875 		20	40	1.016	영린+1	25000 		20 	40 	1.0208	영린+1	19231 		20	40	1.032	영린+1	12500 
	20	40	1.00512	영린+2	78125 		20	40	1.0096	영린+2	41667 		20 	40 	1.01248	영린+2	32051 		20	40	1.0192	영린+2	20833 
	20	40	1.0128	적살+0	31250 		20	40	1.024	적살+0	16667 		20 	40 	1.0312	적살+0	12821 		20	40	1.048	적살+0	8333 
	20	40	1.00256	적살+1	156250 		20	40	1.0048	적살+1	83333 		20 	40 	1.00624	적살+1	64103 		20	40	1.0096	적살+1	41667 
	20	40	1.00128	적살+2	312500 		20	40	1.0024	적살+2	166667 		20 	40 	1.00312	적살+2	128205 		20	40	1.0048	적살+2	83333 
중급수라갑옷	15	40	1.0512	사령갑+0	7813 	중급수라갑옷	15	40	1.096	사령갑+0	4167 	중급수라갑옷	15 	40 	1.1248	사령갑+0	3205 	중급수라갑옷	15	40	1.192	사령갑+0	2083 
	15	40	1.008533333	사령갑+1	46875 		15	40	1.016	사령갑+1	25000 		15 	40 	1.0208	사령갑+1	19231 		15	40	1.032	사령갑+1	12500 
	15	40	1.00512	사령갑+2	78125 		15	40	1.0096	사령갑+2	41667 		15 	40 	1.01248	사령갑+2	32051 		15	40	1.0192	사령갑+2	20833 
	20	40	1.0512	음양갑+0	7813 		20	40	1.096	음양갑+0	4167 		20 	40 	1.1248	음양갑+0	3205 		20	40	1.192	음양갑+0	2083 
	20	40	1.008533333	음양갑+1	46875 		20	40	1.016	음양갑+1	25000 		20 	40 	1.0208	음양갑+1	19231 		20	40	1.032	음양갑+1	12500 
	20	40	1.00512	음양갑+2	78125 		20	40	1.0096	음양갑+2	41667 		20 	40 	1.01248	음양갑+2	32051 		20	40	1.0192	음양갑+2	20833 
	20	40	1.0128	흑비갑+0	31250 		20	40	1.024	흑비갑+0	16667 		20 	40 	1.0312	흑비갑+0	12821 		20	40	1.048	흑비갑+0	8333 
	20	40	1.00256	흑비갑+1	156250 		20	40	1.0048	흑비갑+1	83333 		20 	40 	1.00624	흑비갑+1	64103 		20	40	1.0096	흑비갑+1	41667 
	20	40	1.00128	흑비갑+2	312500 		20	40	1.0024	흑비갑+2	166667 		20 	40 	1.00312	흑비갑+2	128205 		20	40	1.0048	흑비갑+2	83333 
중급무당갑옷	15	40	1.0512	미염의+0	7813 	중급무당갑옷	15	40	1.096	미염의+0	4167 	중급무당갑옷	15 	40 	1.1248	미염의+0	3205 	중급무당갑옷	15	40	1.192	미염의+0	2083 
	15	40	1.008533333	미염의+1	46875 		15	40	1.016	미염의+1	25000 		15 	40 	1.0208	미염의+1	19231 		15	40	1.032	미염의+1	12500 
	15	40	1.00512	미염의+2	78125 		15	40	1.0096	미염의+2	41667 		15 	40 	1.01248	미염의+2	32051 		15	40	1.0192	미염의+2	20833 
	20	40	1.0512	서천의+0	7813 		20	40	1.096	서천의+0	4167 		20 	40 	1.1248	서천의+0	3205 		20	40	1.192	서천의+0	2083 
	20	40	1.008533333	서천의+1	46875 		20	40	1.016	서천의+1	25000 		20 	40 	1.0208	서천의+1	19231 		20	40	1.032	서천의+1	12500 
	20	40	1.00512	서천의+2	78125 		20	40	1.0096	서천의+2	41667 		20 	40 	1.01248	서천의+2	32051 		20	40	1.0192	서천의+2	20833 
	20	40	1.0128	일선의+0	31250 		20	40	1.024	일선의+0	16667 		20 	40 	1.0312	일선의+0	12821 		20	40	1.048	일선의+0	8333 
	20	40	1.00256	일선의+1	156250 		20	40	1.0048	일선의+1	83333 		20 	40 	1.00624	일선의+1	64103 		20	40	1.0096	일선의+1	41667 
	20	40	1.00128	일선의+2	312500 		20	40	1.0024	일선의+2	166667 		20 	40 	1.00312	일선의+2	128205 		20	40	1.0048	일선의+2	83333 
중급팔찌	15	40	1.00192	옥팔찌+0	208333 	중급팔찌	15	40	1.0024	옥팔찌+0	166667 	중급팔찌	15 	40 	1.00234	옥팔찌+0	170940 	중급팔찌	15	40	1.0036	옥팔찌+0	111111 
	15	40	1.000384	옥팔찌+1	1041667 		15	40	1.00048	옥팔찌+1	833333 		15 	40 	1.000468	옥팔찌+1	854701 		15	40	1.00072	옥팔찌+1	555556 
	15	40	1.000128	옥팔찌+2	3125000 		15	40	1.00016	옥팔찌+2	2500000 		15 	40 	1.000156	옥팔찌+2	2564103 		15	40	1.00024	옥팔찌+2	1666667 
	15	40	1.00192	흑단팔찌+0	208333 		15	40	1.0024	흑단팔찌+0	166667 		15 	40 	1.00234	흑단팔찌+0	170940 		15	40	1.0036	흑단팔찌+0	111111 
	15	40	1.000384	흑단팔찌+1	1041667 		15	40	1.00048	흑단팔찌+1	833333 		15 	40 	1.000468	흑단팔찌+1	854701 		15	40	1.00072	흑단팔찌+1	555556 
	15	40	1.000128	흑단팔찌+2	3125000 		15	40	1.00016	흑단팔찌+2	2500000 		15 	40 	1.000156	흑단팔찌+2	2564103 		15	40	1.00024	흑단팔찌+2	1666667 
	20	40	1.000192	진주팔찌+0	2083333 		20	40	1.00024	진주팔찌+0	1666667 		20 	40 	1.000234	진주팔찌+0	1709402 		20	40	1.00036	진주팔찌+0	1111111 
	20	50	1.0000384	진주팔찌+1	10416667 		20	50	1.000048	진주팔찌+1	8333333 		20 	50 	1.0000468	진주팔찌+1	8547009 		20	50	1.000072	진주팔찌+1	5555556 
	20	50	1.0000128	진주팔찌+2	31250000 		20	50	1.000016	진주팔찌+2	25000000 		20 	50 	1.0000156	진주팔찌+2	25641026 		20	50	1.000024	진주팔찌+2	16666667 
	20	50	1.000192	백금팔찌+0	2083333 		20	50	1.00024	백금팔찌+0	1666667 		20 	50 	1.000234	백금팔찌+0	1709402 		20	50	1.00036	백금팔찌+0	1111111 
	20	50	1.0000384	백금팔찌+1	10416667 		20	50	1.000048	백금팔찌+1	8333333 		20 	50 	1.0000468	백금팔찌+1	8547009 		20	50	1.000072	백금팔찌+1	5555556 
	20	50	1.0000128	백금팔찌+2	31250000 		20	50	1.000016	백금팔찌+2	25000000 		20 	50 	1.0000156	백금팔찌+2	25641026 		20	50	1.000024	백금팔찌+2	16666667 
중급신발	15	40	1.0192	가죽전화+0	20833 	중급신발	15	40	1.024	가죽전화+0	16667 	중급신발	15 	40 	1.0234	가죽전화+0	17094 	중급신발	15	40	1.036	가죽전화+0	11111 
	15	40	1.00384	가죽전화+1	104167 		15	40	1.0048	가죽전화+1	83333 		15 	40 	1.00468	가죽전화+1	85470 		15	40	1.0072	가죽전화+1	55556 
	15	40	1.00128	가죽전화+2	312500 		15	40	1.0016	가죽전화+2	250000 		15 	40 	1.00156	가죽전화+2	256410 		15	40	1.0024	가죽전화+2	166667 
	15	40	1.0192	금편신발+0	20833 		15	40	1.024	금편신발+0	16667 		15 	40 	1.0234	금편신발+0	17094 		15	40	1.036	금편신발+0	11111 
	15	40	1.00384	금편신발+1	104167 		15	40	1.0048	금편신발+1	83333 		15 	40 	1.00468	금편신발+1	85470 		15	40	1.0072	금편신발+1	55556 
	15	40	1.00128	금편신발+2	312500 		15	40	1.0016	금편신발+2	250000 		15 	40 	1.00156	금편신발+2	256410 		15	40	1.0024	금편신발+2	166667 
	20	40	1.0128	청동전화+0	31250 		20	40	1.016	청동전화+0	25000 		20 	40 	1.0156	청동전화+0	25641 		20	40	1.024	청동전화+0	16667 
	20	50	1.00256	청동전화+1	156250 		20	50	1.0032	청동전화+1	125000 		20 	50 	1.00312	청동전화+1	128205 		20	50	1.0048	청동전화+1	83333 
	20	50	1.00128	청동전화+2	312500 		20	50	1.0016	청동전화+2	250000 		20 	50 	1.00156	청동전화+2	256410 		20	50	1.0024	청동전화+2	166667 
	20	50	1.0128	옥루신발+0	31250 		20	50	1.016	옥루신발+0	25000 		20 	50 	1.0156	옥루신발+0	25641 		20	50	1.024	옥루신발+0	16667 
	20	50	1.00256	옥루신발+1	156250 		20	50	1.0032	옥루신발+1	125000 		20 	50 	1.00312	옥루신발+1	128205 		20	50	1.0048	옥루신발+1	83333 
	20	50	1.00128	옥루신발+2	312500 		20	50	1.0016	옥루신발+2	250000 		20 	50 	1.00156	옥루신발+2	256410 		20	50	1.0024	옥루신발+2	166667 
중급귀걸이	15	40	1.0192	옥귀걸이+0	20833 	중급귀걸이	15	40	1.024	옥귀걸이+0	16667 	중급목걸이	15 	40 	1.0234	옥귀걸이+0	17094 	중급목걸이	15	40	1.036	옥귀걸이+0	11111 
	15	40	1.00384	옥귀걸이+1	104167 		15	40	1.0048	옥귀걸이+1	83333 		15 	40 	1.00468	옥귀걸이+1	85470 		15	40	1.0072	옥귀걸이+1	55556 
	15	40	1.00128	옥귀걸이+2	312500 		15	40	1.0016	옥귀걸이+2	250000 		15 	40 	1.00156	옥귀걸이+2	256410 		15	40	1.0024	옥귀걸이+2	166667 
	15	40	0.1192	흑단귀걸이+0	20833 		15	40	0.124	흑단귀걸이+0	16667 		15 	40 	0.1234	흑단귀걸이+0	17094 		15	40	0.0136	흑단귀걸이+0	11111 
	15	40	0.01384	흑단귀걸이+1	104167 		15	40	0.0848	흑단귀걸이+1	83333 		15 	40 	0.02468	흑단귀걸이+1	85470 		15	40	0.0172	흑단귀걸이+1	55556 
	15	40	0.01128	흑단귀걸이+2	312500 		15	40	0.0816	흑단귀걸이+2	250000 		15 	40 	0.01156	흑단귀걸이+2	256410 		15	40	0.0124	흑단귀걸이+2	166667 
	20	40	1.0128	진주귀걸이+0	31250 		20	40	1.016	진주귀걸이+0	25000 		20 	40 	1.0156	진주귀걸이+0	25641 		20	40	1.024	진주귀걸이+0	16667 
	20	50	1.00256	진주귀걸이+1	156250 		20	50	1.0032	진주귀걸이+1	125000 		20 	50 	1.00312	진주귀걸이+1	128205 		20	50	1.0048	진주귀걸이+1	83333 
	20	50	1.00128	진주귀걸이+2	312500 		20	50	1.0016	진주귀걸이+2	250000 		20 	50 	1.00156	진주귀걸이+2	256410 		20	50	1.0024	진주귀걸이+2	166667 
	20	50	0.1128	백금귀걸이+0	31250 		20	50	0.116	백금귀걸이+0	25000 		20 	50 	0.1156	백금귀걸이+0	25641 		20	50	0.124	백금귀걸이+0	16667 
	20	50	0.10256	백금귀걸이+1	156250 		20	50	0.1032	백금귀걸이+1	125000 		20 	50 	0.10312	백금귀걸이+1	128205 		20	50	0.1048	백금귀걸이+1	83333 
	20	50	0.10128	백금귀걸이+2	312500 		20	50	0.1016	백금귀걸이+2	250000 		20 	50 	0.10156	백금귀걸이+2	256410 		20	50	0.1024	백금귀걸이+2	166667 
중급목걸이	15	40	1.0192	옥목걸이+0	20833 	중급목걸이	15	40	1.024	옥목걸이+0	16667 	중급목걸이	15 	40 	1.0234	옥목걸이+0	17094 	중급목걸이	15	40	1.036	옥목걸이+0	11111 
	15	40	1.00384	옥목걸이+1	104167 		15	40	1.0048	옥목걸이+1	83333 		15 	40 	1.00468	옥목걸이+1	85470 		15	40	1.0072	옥목걸이+1	55556 
	15	40	1.00128	옥목걸이+2	312500 		15	40	1.0016	옥목걸이+2	250000 		15 	40 	1.00156	옥목걸이+2	256410 		15	40	1.0024	옥목걸이+2	166667 
	15	40	0.1192	흑단목걸이+0	20833 		15	40	0.124	흑단목걸이+0	16667 		15 	40 	0.1234	흑단목걸이+0	17094 		15	40	0.136	흑단목걸이+0	11111 
	15	40	0.10384	흑단목걸이+1	104167 		15	40	0.1048	흑단목걸이+1	83333 		15 	40 	0.10468	흑단목걸이+1	85470 		15	40	0.1072	흑단목걸이+1	55556 
	15	40	0.10128	흑단목걸이+2	312500 		15	40	0.1016	흑단목걸이+2	250000 		15 	40 	0.10156	흑단목걸이+2	256410 		15	40	0.1024	흑단목걸이+2	166667 
	20	40	1.0128	진주목걸이+0	31250 		20	40	1.016	진주목걸이+0	25000 		20 	40 	1.0156	진주목걸이+0	25641 		20	40	1.024	진주목걸이+0	16667 
	20	50	1.00256	진주목걸이+1	156250 		20	50	1.0032	진주목걸이+1	125000 		20 	50 	1.00312	진주목걸이+1	128205 		20	50	1.0048	진주목걸이+1	83333 
	20	50	1.00128	진주목걸이+2	312500 		20	50	1.0016	진주목걸이+2	250000 		20 	50 	1.00156	진주목걸이+2	256410 		20	50	1.0024	진주목걸이+2	166667 
	20	50	0.1128	백금목걸이+0	31250 		20	50	0.116	백금목걸이+0	25000 		20 	50 	0.1156	백금목걸이+0	25641 		20	50	0.124	백금목걸이+0	16667 
	20	50	0.10256	백금목걸이+1	156250 		20	50	0.1032	백금목걸이+1	125000 		20 	50 	0.10312	백금목걸이+1	128205 		20	50	0.1048	백금목걸이+1	83333 
	20	50	0.10128	백금목걸이+2	312500 		20	50	0.1016	백금목걸이+2	250000 		20 	50 	0.10156	백금목걸이+2	256410 		20	50	0.1024	백금목걸이+2	166667 
투구	1	21	0.610666667	역사승	37500 	고급한손검	45	99	0.625	혈검+0	16000 	고급한손검	45 	99 	0.65	혈검+0	8000 	고급한손검	40	99	0.625	혈검+0	3200 
	1	21	0.610666667	가죽두건	37500 		45	99	0.455	혈검+1	80000 		45 	99 	0.61	혈검+1	40000 		40	99	0.625	혈검+1	16000 
	1	21	0.610666667	적혈투구	37500 		45	99	0.45125	혈검+2	320000 		45 	99 	0.4525	혈검+2	160000 		40	99	0.45625	혈검+2	64000 
	1	21	0.610666667	법모	37500 		45	99	0.625	묵검+0	16000 		45 	99 	0.65	묵검+0	8000 		40	99	0.625	묵검+0	3200 
물약	1	20	2	빨간물약(소)	200 		45	99	0.455	묵검+2	80000 		45 	99 	0.61	묵검+2	40000 		40	99	0.625	묵검+2	16000 
	20	40	1.5	빨간물약(중)	267 		45	99	0.45125	묵검+3	320000 		45 	99 	0.4525	묵검+3	160000 		40	99	0.45625	묵검+3	64000 
	35	99	1	빨간물약(대)	400 		50	99	0.625	비선검+0	16000 		50 	99 	0.65	비선검+0	8000 		45	99	0.625	비선검+0	3200 
	1	18	4	빨간물약(소)	100 		50	99	0.455	비선검+1	80000 		50 	99 	0.61	비선검+1	40000 		45	99	0.625	비선검+1	16000 
	1	18	2	빨간물약(중)	200 		50	99	0.45125	비선검+2	320000 		50 	99 	0.4525	비선검+2	160000 		45	99	0.45625	비선검+2	64000 
	1	18	1	빨간물약(대)	400 		50	99	0.45625	반월도+0	64000 		50 	99 	0.6125	반월도+0	32000 		45	99	0.63125	반월도+0	12800 
	1	99	1	파란물약(소)	400 		50	99	0.4525	반월도+1	160000 		50 	99 	0.455	반월도+1	80000 		45	99	0.6125	반월도+1	32000 
	1	99	0.4	파란물약(중)	1000 		50	99	0.45125	반월도+2	320000 		50 	99 	0.4525	반월도+2	160000 		45	99	0.45625	반월도+2	64000 
	1	99	0.2	파란물약(대)	2000 	고급두손검	45	99	0.625	마정도+0	16000 	고급두손검	45 	99 	0.65	마정도+0	8000 	고급두손검	40	99	0.625	마정도+0	3200 
퀘스트 스크롤	10	25	0.65	50318	8000 		45	99	0.455	마정도+1	80000 		45 	99 	0.61	마정도+1	40000 		40	99	0.625	마정도+1	16000 
	26	40	0.65	50319	8000 		45	99	0.45125	마정도+2	320000 		45 	99 	0.4525	마정도+2	160000 		40	99	0.45625	마정도+2	64000 
	41	55	0.65	50320	8000 		45	99	0.625	혈마검+0	16000 		45 	99 	0.65	혈마검+0	8000 		40	99	0.625	혈마검+0	3200 
	56	99	0.65	50321	8000 		45	99	0.455	혈마검+1	80000 		45 	99 	0.61	혈마검+1	40000 		40	99	0.625	혈마검+1	16000 
특수아이템 	1	99	0.4502	축복의 서	2000000 		45	99	0.45125	혈마검+2	320000 		45 	99 	0.4525	혈마검+2	160000 		40	99	0.45625	혈마검+2	64000 
	1	99	0.4504	선두	1000000 		50	99	0.625	무극검+0	16000 		50 	99 	0.65	무극검+0	8000 		45	99	0.625	무극검+0	3200 
언어수련	10	99	0.454	신수 어법	100000 		50	99	0.455	무극검+1	80000 		50 	99 	0.61	무극검+1	40000 		45	99	0.625	무극검+1	16000 
	10	99	0.454	천조 어법	100000 		50	99	0.45125	무극검+2	320000 		50 	99 	0.4525	무극검+2	160000 		45	99	0.45625	무극검+2	64000 
	10	99	0.454	진노 어법	100000 		50	99	0.45625	봉마검+0	64000 		50 	99 	0.6125	봉마검+0	32000 		45	99	0.63125	봉마검+0	12800 
보조스킬책	1	99	0.454	손자병법서	100000 		50	99	0.4525	봉마검+1	160000 		50 	99 	0.455	봉마검+1	80000 		45	99	0.6125	봉마검+1	32000 
	1	99	0.454	오자병법서	100000 		50	99	0.45125	봉마검+2	320000 		50 	99 	0.4525	봉마검+2	160000 		45	99	0.45625	봉마검+2	64000 
	1	99	0.454	위료자	100000 	고급양손검	45	99	0.625	빙검+0	16000 	고급양손검	45 	99 	0.65	빙검+0	8000 	고급양손검	40	99	0.625	빙검+0	3200 
	1	99	0.452	기효신서	200000 		45	99	0.455	빙검+1	80000 		45 	99 	0.61	빙검+1	40000 		40	99	0.625	빙검+1	16000 
	1	99	0.452	연병실기	200000 		45	99	0.45125	빙검+2	320000 		45 	99 	0.4525	빙검+2	160000 		40	99	0.45625	빙검+2	64000 
	1	99	0.452	무비지	200000 		45	99	0.625	십이지검+0	16000 		45 	99 	0.65	십이지검+0	8000 		40	99	0.625	십이지검+0	3200 
기타 아이템	40	99	0	승마권	0 		45	99	0.455	십이지검+1	80000 		45 	99 	0.61	십이지검+1	40000 		40	99	0.625	십이지검+1	16000 
	30	99	0.61	금장보물상자	40000 		45	99	0.45125	십이지검+2	320000 		45 	99 	0.4525	십이지검+2	160000 		40	99	0.45625	십이지검+2	64000 
	1	99	0.615	은장보물상자	26667 		50	99	0.625	제세검+0	16000 		50 	99 	0.65	제세검+0	8000 		45	99	0.625	제세검+0	3200 
말사료	25	99	0.4	건초	1000 		50	99	0.455	제세검+1	80000 		50 	99 	0.61	제세검+1	40000 		45	99	0.625	제세검+1	16000 
	35	99	0.2	당근	2000 		50	99	0.45125	제세검+2	320000 		50 	99 	0.4525	제세검+2	160000 		45	99	0.45625	제세검+2	64000 
	50	99	0.6	홍삼	4000 		50	99	0.45625	사자융+0	64000 		50 	99 	0.6125	사자융+0	32000 		45	99	0.63125	사자융+0	12800 
	25	99	0.458	50061 	50000 		50	99	0.4525	사자융+1	160000 		50 	99 	0.455	사자융+1	80000 		45	99	0.6125	사자융+1	32000 
채굴수련서	30	99	0.454	50600	100000 		50	99	0.45125	사자융+2	320000 		50 	99 	0.4525	사자융+2	160000 		45	99	0.45625	사자융+2	64000 
변신관련	10	99	0.64	70104 	10000 	고급활	45	99	0.625	천엽궁+0	16000 	고급활	45 	99 	0.65	천엽궁+0	8000 	고급활	40	99	0.625	천엽궁+0	3200 
	20	99	0.61	둔갑술서	40000 		45	99	0.455	천엽궁+1	80000 		45 	99 	0.61	천엽궁+1	40000 		40	99	0.625	천엽궁+1	16000 
	30	99	0.61	둔갑기술서	40000 		45	99	0.45125	천엽궁+2	320000 		45 	99 	0.4525	천엽궁+2	160000 		40	99	0.45625	천엽궁+2	64000 
	50	99	0.61	기문둔갑술서	40000 		45	99	0.625	소마궁+0	16000 		45 	99 	0.65	소마궁+0	8000 		40	99	0.625	소마궁+0	3200 
							45	99	0.455	소마궁+1	80000 		45 	99 	0.61	소마궁+1	40000 		40	99	0.625	소마궁+1	16000 
							45	99	0.45125	소마궁+2	320000 		45 	99 	0.4525	소마궁+2	160000 		40	99	0.45625	소마궁+2	64000 
							50	99	0.625	천마궁+0	16000 		50 	99 	0.65	천마궁+0	8000 		45	99	0.625	천마궁+0	3200 
							50	99	0.455	천마궁+1	80000 		50 	99 	0.61	천마궁+1	40000 		45	99	0.625	천마궁+1	16000 
							50	99	0.45125	천마궁+2	320000 		50 	99 	0.4525	천마궁+2	160000 		45	99	0.45625	천마궁+2	64000 
							50	99	0.45625	사일대궁+0	64000 		50 	99 	0.6125	사일대궁+0	32000 		45	99	0.63125	사일대궁+0	12800 
							50	99	0.4525	사일대궁+1	160000 		50 	99 	0.455	사일대궁+1	80000 		45	99	0.6125	사일대궁+1	32000 
							50	99	0.45125	사일대궁+2	320000 		50 	99 	0.4525	사일대궁+2	160000 		45	99	0.45625	사일대궁+2	64000 
						고급 방울	45	99	0.625	퇴혼령+0	16000 	고급 방울	45 	99 	0.65	퇴혼령+0	8000 	고급 방울	40	99	0.625	퇴혼령+0	3200 
							45	99	0.455	퇴혼령+1	80000 		45 	99 	0.61	퇴혼령+1	40000 		40	99	0.625	퇴혼령+1	16000 
							45	99	0.45125	퇴혼령+2	320000 		45 	99 	0.4525	퇴혼령+2	160000 		40	99	0.45625	퇴혼령+2	64000 
							50	99	0.625	금사령+0	16000 		50 	99 	0.65	금사령+0	8000 		40	99	0.625	금사령+0	3200 
							50	99	0.455	금사령+1	80000 		50 	99 	0.61	금사령+1	40000 		40	99	0.625	금사령+1	16000 
							50	99	0.45125	금사령+2	320000 		50 	99 	0.4525	금사령+2	160000 		40	99	0.45625	금사령+2	64000 
							50	99	0.625	철사령+0	16000 		50 	99 	0.65	철사령+0	8000 		45	99	0.625	철사령+0	3200 
							50	99	0.455	철사령+1	80000 		50 	99 	0.61	철사령+1	40000 		45	99	0.625	철사령+1	16000 
							50	99	0.45125	철사령+2	320000 		50 	99 	0.4525	철사령+2	160000 		45	99	0.45625	철사령+2	64000 
						고급팔찌	45	99	0.45009	수정팔찌+0	4444444 	고급팔찌	45 	99 	0.45018	수정팔찌+0	2222222 	고급팔찌	40	99	0.45045	수정팔찌+0	888889 
							45	99	0.450018	수정팔찌+1	22222222 		45 	99 	0.450036	수정팔찌+1	11111111 		40	99	0.45009	수정팔찌+1	4444444 
							45	99	0.450006	수정팔찌+2	66666667 		45 	99 	0.450012	수정팔찌+2	33333333 		40	99	0.45003	수정팔찌+2	13333333 
							45	99	0.45009	자수정팔찌+0	4444444 		45 	99 	0.45018	자수정팔찌+0	2222222 		45	99	0.45045	자수정팔찌+0	888889 
							45	99	0.450018	자수정팔찌+1	22222222 		45 	99 	0.450036	자수정팔찌+1	11111111 		45	99	0.45009	자수정팔찌+1	4444444 
							45	99	0.450006	자수정팔찌+2	66666667 		45 	99 	0.450012	자수정팔찌+2	33333333 		45	99	0.45003	자수정팔찌+2	13333333 
							50	99	0.45009	천루팔찌+0	4444444 		50 	99 	0.45018	천루팔찌+0	2222222 		50	99	0.45045	천루팔찌+0	888889 
							50	99	0.450018	천루팔찌+1	22222222 		50 	99 	0.450036	천루팔찌+1	11111111 		50	99	0.45009	천루팔찌+1	4444444 
							50	99	0.450006	천루팔찌+2	66666667 		50 	99 	0.450012	천루팔찌+2	33333333 		50	99	0.45003	천루팔찌+2	13333333 
						고급신발	45	99	0.4545	삼매신발+0	88889 	고급신발	45 	99 	0.459	삼매신발+0	44444 	고급신발	40	99	0.6225	삼매신발+0	17778 
							45	99	0.4509	삼매신발+1	444444 		45 	99 	0.4518	삼매신발+1	222222 		40	99	0.4545	삼매신발+1	88889 
							45	99	0.4503	삼매신발+2	1333333 		45 	99 	0.4506	삼매신발+2	666667 		40	99	0.4515	삼매신발+2	266667 
							45	99	0.4545	운답전화+0	88889 		45 	99 	0.459	운답전화+0	44444 		45	99	0.6225	운답전화+0	17778 
							45	99	0.4509	운답전화+1	444444 		45 	99 	0.4518	운답전화+1	222222 		45	99	0.4545	운답전화+1	88889 
							45	99	0.4503	운답전화+2	1333333 		45 	99 	0.4506	운답전화+2	666667 		45	99	0.4515	운답전화+2	266667 
							50	99	0.4515	천붕신발+0	266667 		50 	99 	0.453	천붕신발+0	133333 		45	99	0.4575	천붕신발+0	53333 
							50	99	0.4503	천붕신발+1	1333333 		50 	99 	0.4506	천붕신발+1	666667 		45	99	0.4515	천붕신발+1	266667 
							50	99	0.45015	천붕신발+2	2666667 		50 	99 	0.4503	천붕신발+2	1333333 		45	99	0.45075	천붕신발+2	533333 
							50	99	0.4515	화조신발+0	266667 		50 	99 	0.453	화조신발+0	133333 		50	99	0.4575	화조신발+0	53333 
							50	99	0.4503	화조신발+1	1333333 		50 	99 	0.4506	화조신발+1	666667 		50	99	0.4515	화조신발+1	266667 
							50	99	0.45015	화조신발+2	2666667 		50 	99 	0.4503	화조신발+2	1333333 		50	99	0.45075	화조신발+2	533333 
						고급귀걸이	45	99	0.4545	수정귀걸이+0	88889 	고급귀걸이	45 	99 	0.459	수정귀걸이+0	44444 	고급귀걸이	40	99	0.6225	수정귀걸이+0	17778 
							45	99	0.4509	수정귀걸이+1	444444 		45 	99 	0.4518	수정귀걸이+1	222222 		40	99	0.4545	수정귀걸이+1	88889 
							45	99	0.4503	수정귀걸이+2	1333333 		45 	99 	0.4506	수정귀걸이+2	666667 		40	99	0.4515	수정귀걸이+2	266667 
							45	99	0.4545	자수정귀걸이+0	88889 		45 	99 	0.459	자수정귀걸이+0	44444 		45	99	0.6225	자수정귀걸이+0	17778 
							45	99	0.4509	자수정귀걸이+1	444444 		45 	99 	0.4518	자수정귀걸이+1	222222 		45	99	0.4545	자수정귀걸이+1	88889 
							45	99	0.4503	자수정귀걸이+2	1333333 		45 	99 	0.4506	자수정귀걸이+2	666667 		45	99	0.4515	자수정귀걸이+2	266667 
							50	99	0.4545	천루귀걸이+0	88889 		50 	99 	0.459	천루귀걸이+0	44444 		50	99	0.6225	천루귀걸이+0	17778 
							50	99	0.4509	천루귀걸이+1	444444 		50 	99 	0.4518	천루귀걸이+1	222222 		50	99	0.4545	천루귀걸이+1	88889 
							50	99	0.4503	천루귀걸이+2	1333333 		50 	99 	0.4506	천루귀걸이+2	666667 		50	99	0.4515	천루귀걸이+2	266667 
						고급목걸이	45	99	0.4545	수정목걸이+0	88889 	고급목걸이	45 	99 	0.459	수정목걸이+0	44444 	고급목걸이	40	99	0.6225	수정목걸이+0	17778 
							45	99	0.4509	수정목걸이+1	444444 		45 	99 	0.4518	수정목걸이+1	222222 		40	99	0.4545	수정목걸이+1	88889 
							45	99	0.4503	수정목걸이+2	1333333 		45 	99 	0.4506	수정목걸이+2	666667 		40	99	0.4515	수정목걸이+2	266667 
							45	99	0.4545	자수정목걸이+0	88889 		45 	99 	0.459	자수정목걸이+0	44444 		45	99	0.6225	자수정목걸이+0	17778 
							45	99	0.4509	자수정목걸이+1	444444 		45 	99 	0.4518	자수정목걸이+1	222222 		45	99	0.4545	자수정목걸이+1	88889 
							45	99	0.4503	자수정목걸이+2	1333333 		45 	99 	0.4506	자수정목걸이+2	666667 		45	99	0.4515	자수정목걸이+2	266667 
							50	99	0.4545	천루목걸이+0	88889 		50 	99 	0.459	천루목걸이+0	44444 		50	99	0.6225	천루목걸이+0	17778 
							50	99	0.4509	천루목걸이+1	444444 		50 	99 	0.4518	천루목걸이+1	222222 		50	99	0.4545	천루목걸이+1	88889 
							50	99	0.4503	천루목걸이+2	1333333 		50 	99 	0.4506	천루목걸이+2	666667 		50	99	0.4515	천루목걸이+2	266667 
						투구	1	21	0.455	역사승	80000 	투구	1 	21 	0.458	역사승	50000 	투구	1	21	0.62	역사승	20000 
							1	21	0.455	가죽두건	80000 		1 	21 	0.458	가죽두건	50000 		1	21	0.62	가죽두건	20000 
							1	21	0.455	적혈투구	80000 		1 	21 	0.458	적혈투구	50000 		1	21	0.62	적혈투구	20000 
							1	21	0.455	법모	80000 		1 	21 	0.458	법모	50000 		1	21	0.62	법모	20000 
							15	41	0.454	철편투구	100000 		15 	41 	0.455	철편투구	80000 		15	41	0.6125	철편투구	32000 
							15	41	0.454	연환두건	100000 		15 	41 	0.455	연환두건	80000 		15	41	0.6125	연환두건	32000 
							15	41	0.454	애희투구	100000 		15 	41 	0.455	애희투구	80000 		15	41	0.6125	애희투구	32000 
							15	41	0.454	태을모	100000 		15 	41 	0.455	태을모	80000 		15	41	0.6125	태을모	32000 
						물약	1	20	2	빨간물약(소)	200 		35 	99 	0.454	귀면투구	100000 		35	99	0.61	귀면투구	40000 
							20	40	1.5	빨간물약(중)	267 		35 	99 	0.454	철륜두건	100000 		35	99	0.61	철륜두건	40000 
							35	99	1	빨간물약(대)	400 		35 	99 	0.454	북성투구	100000 		35	99	0.61	북성투구	40000 
							1	18	4	빨간물약(소)	100 		35 	99 	0.454	선광모	100000 		35	99	0.61	선광모	40000 
							1	18	2	빨간물약(중)	200 	물약	1 	20 	2	빨간물약(소)	200 	물약	1	20	2	빨간물약(소)	200 
							1	18	1	빨간물약(대)	400 		20 	40 	1.5	빨간물약(중)	267 		20	40	1.5	빨간물약(중)	267 
							1	99	1.3	파란물약(소)	308 		35 	99 	1	빨간물약(대)	400 		35	99	1	빨간물약(대)	400 
							1	99	0.42	파란물약(중)	769 		1 	18 	3	빨간물약(소)	133 		1	18	4	빨간물약(소)	100 
							1	99	0.26	파란물약(대)	1538 		1 	18 	2.25	빨간물약(중)	178 		1	18	3	빨간물약(중)	133 
						퀘스트 스크롤	10	25	0.665	50318	6154 		1 	18 	1.5	빨간물약(대)	267 		1	18	2	빨간물약(대)	200 
							26	40	0.665	50319	6154 		1 	99 	1.5	파란물약(소)	267 		1	99	2	파란물약(소)	200 
							41	55	0.665	50320	6154 		1 	99 	0.6	파란물약(중)	667 		1	99	0.6	파란물약(중)	500 
							56	99	0.665	50321	6154 		1 	99 	0.3	파란물약(대)	1333 		1	99	0.4	파란물약(대)	1000 
						특수아이템 	1	99	0.4502	축복의 서	2000000 	퀘스트 스크롤	10 	25 	0.675	50318	5333 	퀘스트 스크롤	10	25	0.6	50318	4000 
							1	99	0.4504	선두	1000000 		26 	40 	0.675	50319	5333 		26	40	0.6	50319	4000 
						언어수련	10	99	0.454	신수 어법	100000 		41 	55 	0.675	50320	5333 		41	55	0.6	50320	4000 
							10	99	0.454	천조 어법	100000 		56 	99 	0.675	50321	5333 		56	99	0.6	50321	4000 
							10	99	0.454	진노 어법	100000 	특수아이템 	1 	99 	0.4502	축복의 서	2000000 	특수아이템 	1	99	0.4502	축복의 서	2000000 
						보조스킬책	1	99	0.454	손자병법서	100000 		1 	99 	0.4504	선두	1000000 		1	99	0.4504	선두	1000000 
							1	99	0.454	오자병법서	100000 	언어수련	10 	99 	0.454	신수 어법	100000 	언어수련	10	99	0.454	신수 어법	100000 
							1	99	0.454	위료자	100000 		10 	99 	0.454	천조 어법	100000 		10	99	0.454	천조 어법	100000 
							1	99	0.452	기효신서	200000 		10 	99 	0.454	진노 어법	100000 		10	99	0.454	진노 어법	100000 
							1	99	0.452	연병실기	200000 	보조스킬책	1 	99 	0.454	손자병법서	100000 	보조스킬책	1	99	0.454	손자병법서	100000 
							1	99	0.452	무비지	200000 		1 	99 	0.454	오자병법서	100000 		1	99	0.454	오자병법서	100000 
						기타아이템	40	99	0	승마권	0 		1 	99 	0.454	위료자	100000 		1	99	0.454	위료자	100000 
							30	99	0.61	금장보물상자	40000 		1 	99 	0.452	기효신서	200000 		1	99	0.452	기효신서	200000 
							1	99	0.615	은장보물상자	26667 		1 	99 	0.452	연병실기	200000 		1	99	0.452	연병실기	200000 
						말사료	25	99	0.4	건초	1000 		1 	99 	0.452	무비지	200000 		1	99	0.452	무비지	200000 
							35	99	0.2	당근	2000 	기타아이템	40 	99 	0	승마권	0 	기타아이템	40	99	0	승마권	0 
							50	99	0.6	홍삼	4000 		40 	99 	0.68	흡영서	5000 		40	99	0.68	흡영서	5000 
							25	99	0.458	50061 	50000 		30 	99 	0.61	금장보물상자	40000 		30	99	0.61	금장보물상자	40000 
						채굴수련서	30	99	0.454	50600	100000 		1 	99 	0.615	은장보물상자	26667 		1	99	0.615	은장보물상자	26667 
						변신관련	10	99	0.64	70104 	10000 	말사료	25 	99 	0.4	건초	1000 	말사료	25	99	0.4	건초	1000 
							20	99	0.61	둔갑술서	40000 		35 	99 	0.2	당근	2000 		35	99	0.2	당근	2000 
							30	99	0.61	둔갑기술서	40000 		50 	99 	0.6	홍삼	4000 		50	99	0.6	홍삼	4000 
							50	99	0.61	기문둔갑술서	40000 		25	99	0.458	50061 	50000 		25	99	0.458	50061 	50000 
												채굴수련서	30	99	0.454	50600	100000 	채굴수련서	30	99	0.454	50600	100000 
												변신관련	10	99	0.64	70104 	10000 	변신관련	10	99	0.64	70104 	10000 
													20	99	0.61	둔갑술서	40000 		20	99	0.61	둔갑술서	40000 
													30	99	0.61	둔갑기술서	40000 		30	99	0.61	둔갑기술서	40000 
													50	99	0.61	기문둔갑술서	40000 		50	99	0.61	기문둔갑술서	40000 
